1
2
1486
324
5
2176
7
8
9
10
8737
1417
4084
14
15
16
17
18
4243
8753
21
22
23
665
25
26
27
28
29
30
31
32
33
34
3460
36
37
2756
4230
40
41
3880
43
44
45
7176
47
48
49
50
9856
52
53
54
5234
56
57
58
59
1110
61
62
63
90
65
66
67
68
69
70
71
8561
8150
74
75
76
77
78
79
6246
1493
82
83
84
85
5256
87
7361
9457
8835
7499
92
93
94
95
4630
97
98
99
7814
101
2588
1354
104
105
5012
107
108
109
110
111
112
2388
114
115
9186
117
118
119
7973
2771
122
1735
124
6515
3413
2523
3250
129
130
131
132
897
134
135
136
137
138
139
140
141
142
3546
144
145
2545
8886
148
149
150
151
152
153
154
155
156
2375
158
159
160
5413
8110
8695
164
3416
166
167
168
4760
170
9877
1899
173
174
175
5985
2439
178
179
8759
181
182
9296
184
185
186
187
188
189
9363
191
192
7908
194
195
4893
197
3965
8278
200
2308
202
2252
204
205
4861
207
208
209
6645
3187
212
213
214
5806
216
217
218
219
220
221
222
223
224
225
226
227
228
229
230
231
232
233
234
235
236
237
238
239
240
241
6373
243
6790
245
3462
247
1862
249
2022
251
882
654
254
255
256
3946
258
259
260
1588
7469
1124
264
265
266
6353
268
5889
270
271
272
273
5356
275
276
277
5752
6278
5595
281
282
283
284
5551
2792
287
288
8125
9142
291
5894
81
294
295
3363
5426
298
299
300
5926
1700
303
304
305
3431
6687
4013
309
1382
5387
312
313
7042
315
316
2716
2069
2999
6866
321
322
323
4
325
4482
3
328
329
1447
2617
332
7291
3736
1740
336
337
338
339
340
341
342
343
344
4241
346
347
348
2961
5189
351
6615
353
354
355
356
319
358
359
360
361
1313
363
364
365
366
367
368
2747
370
371
372
373
374
3594
3801
377
378
379
7708
8175
382
3164
384
385
386
3058
388
389
390
391
392
8670
394
395
820
3194
398
399
400
401
402
307
404
7678
2605
407
408
2343
2491
6468
412
6602
2180
415
416
9415
418
5978
2589
421
422
423
424
5544
426
6479
7915
429
430
431
432
433
434
8981
2758
3348
6862
7922
440
441
442
443
444
445
446
447
9021
2046
450
451
1969
453
9403
6997
456
457
458
459
460
461
462
463
7758
465
4767
5508
468
631
470
471
472
473
474
475
476
477
478
479
480
481
482
483
484
5772
486
487
6279
489
490
491
887
493
2407
7955
496
497
498
499
2012
501
502
3183
504
8138
506
507
508
509
2369
511
512
513
514
9626
516
9924
518
519
9902
6179
522
523
9622
525
4132
527
528
529
530
531
6294
533
534
535
100
537
538
539
540
541
542
5154
544
545
546
547
548
1573
550
551
552
553
554
7996
556
557
4321
7077
8153
2974
562
563
564
565
566
3526
568
2878
570
4895
572
573
574
575
7820
5197
578
7413
580
581
582
583
3579
585
6156
587
3021
589
813
4487
592
593
594
520
596
597
598
599
8494
601
602
603
604
8299
606
607
608
609
3976
611
612
613
614
615
616
7679
618
5967
620
3890
622
623
624
5307
626
5120
628
629
630
469
632
633
634
635
8690
7856
7800
639
640
641
642
643
7440
645
646
1086
362
649
650
651
652
653
5385
655
656
657
658
659
2868
661
1833
3875
664
24
666
667
3305
669
670
671
672
673
674
675
676
1743
678
679
680
4561
682
683
684
685
686
687
688
689
690
6320
692
4565
8480
695
696
697
698
699
700
5113
702
703
704
705
2106
707
708
8067
710
3344
4061
713
714
3960
4083
1145
718
7472
720
4205
722
723
724
725
2008
1141
728
729
730
9463
732
733
2680
735
4570
819
738
739
740
741
742
743
744
4174
746
747
3758
749
748
751
1415
753
754
755
756
1658
758
759
760
761
762
763
764
765
3864
767
768
769
770
771
9831
4557
774
5780
776
777
778
727
780
781
782
783
3553
7857
9451
787
788
789
8281
791
792
793
794
795
796
797
4640
7334
800
801
802
803
804
805
806
807
808
809
810
811
812
2382
2360
815
816
9508
818
4591
396
821
822
823
824
825
4577
827
6728
9760
830
831
832
833
834
7672
836
4897
9460
839
840
841
842
3040
8623
845
7259
7313
848
849
9418
7052
852
853
854
5575
856
857
8419
859
860
2395
862
863
864
865
866
2480
868
869
870
871
1785
873
874
875
5225
877
878
879
880
881
8549
883
7276
885
886
6006
2965
7357
890
891
9006
893
894
2134
896
4179
1030
899
900
8128
902
903
8477
905
906
4849
908
909
910
911
9980
913
8556
9177
916
5569
918
5547
920
921
922
923
924
925
8689
927
928
929
930
931
932
8020
934
9901
936
3778
6690
939
1770
4196
942
943
944
6250
946
947
948
949
6214
951
952
953
954
5884
956
9647
958
959
960
5250
962
963
964
965
966
9765
968
5104
8643
971
972
973
974
975
7715
571
978
7032
980
1481
982
4829
984
2462
986
987
8733
6843
990
991
992
993
994
995
2062
4050
998
999
1000
1001
1002
1003
1004
4461
1006
3141
1008
6191
1010
1011
1012
103
1014
9210
3073
8301
1018
1019
1020
1021
1022
2984
1024
3795
1026
3486
5386
1029
1849
7532
1032
1033
1034
4573
1036
5007
1038
1039
1040
5581
1042
1043
1044
405
1046
1047
1048
1049
1050
128
1052
1053
1054
5552
1056
1057
4904
9268
1060
1061
1062
1063
1064
1065
3287
1067
7851
8373
1070
1071
1072
1073
5028
5460
1076
7950
1578
1079
7226
1081
2074
1083
1084
6315
647
5314
1088
1089
1090
1091
1092
1093
1094
1095
8368
8068
1957
1099
1100
1101
1102
1103
1104
1105
1106
1107
1108
1109
60
1111
5276
1113
1114
8544
4626
1117
1118
1119
1120
1121
1122
8111
263
1125
1126
1127
1128
3499
1130
1599
1132
1133
8447
1135
1454
1137
1138
1139
5464
779
1142
1143
1144
3374
1353
1147
1754
1149
5948
3572
1152
8356
1154
7098
2125
9190
1158
1159
1160
1161
7519
3882
1164
1165
3228
4943
1168
1169
1444
1171
1172
9882
9265
1175
9356
1177
1178
5027
1180
1181
1182
1183
1184
1185
9909
7309
1188
1189
9989
1191
1192
1193
1194
1195
1196
7156
1198
1199
1200
1201
1202
9793
1204
843
1206
1207
1208
1209
1210
1211
1212
1213
1214
4752
1216
1217
1218
8752
1220
1221
3343
1223
6748
6076
1226
1227
7533
1229
1230
1231
1232
1233
1234
1235
4908
1237
5228
1239
1240
9501
1242
2475
5986
1245
1246
1247
1248
1249
1250
1162
1252
9780
1254
1255
1256
4642
1258
6290
1260
2449
1262
1263
1264
1664
1266
1267
1268
1269
1238
1271
1272
1273
1274
1275
9175
1277
1278
1279
1280
393
8124
1283
1284
1285
1286
1287
1288
7048
2761
1291
5354
1293
757
1295
1296
1297
1298
1299
1300
1301
5777
1303
5745
1305
5047
1307
1308
3274
1310
1311
1312
648
1730
1315
1316
1317
1318
5763
1320
1321
6109
1323
1324
1325
1326
1327
1328
1329
1330
1331
1332
1333
6012
8991
5705
1337
1338
1876
3752
1341
1801
5264
1344
1345
6647
4312
3761
1349
1350
1351
3975
4226
6659
4838
1356
1357
2016
1359
1360
1361
1362
1363
1364
2637
4411
6389
2648
1369
1370
1371
1372
1373
1374
1375
967
1377
1378
1379
1380
933
310
1383
7425
1385
1386
1387
1388
5022
9181
1391
3175
4665
1394
1395
1396
1397
1398
1399
7174
1401
8529
1403
4649
1405
1406
1407
1408
1409
8053
1411
8913
1413
1414
2964
1416
5444
1418
6839
1420
1421
1422
1423
9822
1425
6994
3350
1428
3147
1430
1431
1432
1433
524
1435
9241
1437
1438
1776
1440
1441
1442
1443
4281
1445
1446
3706
7777
1449
1450
1451
1452
1453
1136
1455
1459
1457
1458
1456
1460
1461
1462
1463
9032
1465
1466
1467
1468
8154
1470
1471
3440
1473
1474
6742
1476
1477
1478
1479
4343
9585
6516
1483
1484
7640
9391
1487
4513
1489
1490
1491
5415
2709
1494
6321
1496
1497
1498
9151
1500
1501
1502
6979
1504
1505
1506
9927
2283
1991
1510
1511
1512
5025
8365
1515
5887
1517
1518
1519
1520
4900
1522
1523
1524
420
1526
9532
1528
1529
1530
1531
1532
1533
4766
1535
1536
4539
1538
1539
5998
1541
1542
1543
1544
1545
1546
1547
1548
1549
4732
1551
5906
1553
3013
4361
1556
1557
1558
1559
1560
2813
1562
1563
1564
1565
1566
5650
3201
7991
1224
8533
1572
549
8868
1575
1576
4748
1078
1579
1580
1976
1582
1583
1584
39
1586
1587
261
8121
8601
1591
4616
9693
1594
1595
1596
1597
1598
1892
9332
1601
1602
1603
1604
1605
1606
1607
1608
6942
1610
1611
1612
1613
1614
1615
1616
1617
1618
1619
7468
1621
1622
1623
1624
1625
1626
1627
7937
1629
1630
1631
4634
1633
1634
1635
8594
7863
6349
1639
1640
1641
9266
1643
2829
1645
1646
1647
1648
1649
1650
1651
1652
3383
4645
1655
1656
1657
1294
1659
7666
8786
1662
4237
9646
6442
1045
6212
1668
1669
6705
1671
1672
1673
1674
1675
1187
1677
6414
9812
1680
1681
1682
1683
1684
1685
1686
6046
6526
1689
1690
1691
9291
1693
1694
4896
1696
1697
4791
1699
302
1701
1702
2993
1704
2428
6641
1707
1708
1709
3600
1711
5255
6237
1714
1736
1716
4128
1718
8746
1720
1721
1722
3921
1724
1725
6402
1727
3923
1729
7961
1731
1732
1733
1734
123
1715
1737
9884
2190
8167
3172
1742
4014
5245
1745
9349
1747
1748
1749
1750
9864
5683
8705
1148
1755
1756
1757
1758
1759
1760
1761
6694
1952
1764
1765
6751
1767
1768
1769
8475
1771
1772
1773
6277
1775
1439
1777
1778
1779
1780
1781
1782
1783
1784
872
1786
6075
1788
1789
1790
1791
1792
1793
1794
1795
1796
1797
1798
1799
1800
1342
1802
1803
1804
1805
1806
1807
1808
1809
1810
1811
1812
1836
1814
1815
1816
1817
1818
1436
1820
1821
1822
1823
1824
1825
1826
1827
3995
1829
1830
1831
1832
662
9015
1835
1813
1837
1838
1839
4328
7385
1842
3243
1844
1845
1846
1847
9345
898
1850
2424
7600
1853
1854
1855
1856
1857
1858
1859
1860
1861
1244
1863
1864
1865
1866
1867
1868
1869
1870
6345
3352
1873
8001
1875
1339
1877
1878
1879
8788
1881
8048
1883
5335
8427
1886
8454
1888
4324
1890
1891
7740
4158
9489
1895
1896
1897
1898
1978
2467
5623
3575
1903
3135
1905
1906
1907
1908
1909
1910
1911
1912
1913
1914
1915
1916
1917
3767
1919
1920
7164
2329
4304
1924
1925
1926
1927
1928
3951
1930
1931
3311
1933
6833
1935
1936
2302
1938
2004
1940
6280
1942
1943
1944
6499
1946
1947
1948
8211
1950
3590
1763
2902
1954
1955
1956
1098
1958
1959
3714
8848
1962
1963
1964
9634
1966
1967
6424
452
1970
1971
1972
1973
1974
1975
7282
2083
1871
2621
1980
1981
1982
2763
8464
1985
590
6033
1988
1989
712
1509
7886
1993
1994
4442
1996
1997
2346
2038
2000
2001
9238
2003
851
2496
4968
2007
726
2009
2010
2011
7763
9524
2014
2015
1358
2017
2018
2019
6387
8064
5136
2023
3492
2025
2026
2027
2028
2029
2030
2031
2032
9972
5782
2035
2036
2037
1999
2039
2040
2041
3277
2043
2044
2045
9320
2047
2048
2049
2050
6661
3357
2053
2054
2055
2056
6222
9492
3446
2060
2061
4300
2063
2064
2065
2066
5083
2068
318
2070
2071
2072
3834
1082
6177
2076
2077
2078
2079
9126
2081
2082
3818
2084
7909
989
2087
485
2089
2090
2091
2092
2093
2094
2095
2096
2097
2098
2099
2100
2101
2102
2103
2104
2105
706
2107
2108
2109
2110
2111
7121
2113
2114
2115
2116
915
2118
2119
2120
2121
2122
9473
2124
6391
2126
2127
2128
2129
8310
1723
2132
2133
5828
7347
2136
2137
2138
2139
2140
2141
2744
8532
2144
2145
2146
2147
2148
3504
2150
8091
2693
8516
1336
2155
2156
2157
2765
2159
2160
8897
8742
8084
2164
2165
2166
2167
2168
2169
2170
2171
9958
8814
7027
2175
6
2177
2178
2179
414
2181
2182
2183
2184
2185
1025
2187
2188
2189
5507
2191
2192
296
2194
9442
2196
2197
9807
2199
2200
2201
2202
2203
2204
2205
2206
2207
2208
5367
2210
4759
2212
6160
7655
2215
2216
2217
2218
2219
2220
5737
2222
2223
2224
2225
2226
2227
2228
2229
2230
2231
5764
5625
2234
2235
2236
2237
2238
2239
2240
7717
2242
2243
5119
2245
2246
2247
2248
2249
2250
2251
203
244
2834
5952
2256
3711
8658
2259
2260
2261
2262
2263
2264
2213
2266
2267
2268
9426
2270
2271
2272
2273
8230
3850
2276
2277
2278
2279
2280
4884
2282
3483
2284
3642
4508
2287
2685
2787
715
8220
1995
4813
2294
2295
2296
2297
2298
9739
2300
2301
9283
2303
4289
2305
2306
2307
9535
8274
4595
2334
2312
2313
2314
2315
9595
2317
2318
2319
2320
2433
2322
2323
2324
6132
4401
2327
2328
1922
2330
2331
2332
8325
2311
2335
2336
3126
2338
7545
2340
2341
2342
409
2344
2345
7639
2347
2348
2349
2350
2351
2352
2353
2354
2431
2356
2357
5032
2359
814
2361
2362
7143
2364
7707
2366
2367
2368
278
2370
2371
5989
2373
2374
157
6169
2377
2378
9026
2380
2381
3809
7706
2384
7815
2386
2387
113
3464
2390
2391
2392
2393
2394
3775
2396
2397
9719
3812
8780
2401
9746
2403
8626
2405
2406
494
2408
2409
2410
2411
9389
2413
6020
2415
3576
2417
5959
2419
2420
2526
2422
8251
1851
2425
2426
2427
1705
2429
2430
6323
2432
9301
2434
2435
2436
2437
2438
177
5847
5011
2442
2443
2444
2445
2446
2447
2448
1261
2450
2775
4801
2453
2454
2455
2456
7181
2458
2459
5265
2461
985
2463
2464
2465
2466
1900
2468
2469
2470
2471
2472
2473
6656
1774
4996
2477
4605
2479
102
2481
2482
2483
2484
2485
2486
2487
2488
2489
7916
410
2492
2493
2494
2495
2005
2497
2498
2499
2500
7980
6743
2503
1663
7897
2506
2507
2508
2509
3614
2511
2512
2513
2514
8598
2516
2517
2518
2519
2520
2521
2522
127
2524
2525
2421
2527
5774
2529
2530
2811
5818
2533
7408
4792
2536
2288
2538
2573
2540
3837
2542
9645
2544
146
2546
7086
2548
2549
8010
2551
3009
2553
2554
2555
6820
2557
2558
2559
2560
2561
2562
2563
2564
7133
2566
2567
4579
2569
2570
2571
2572
4905
2574
2575
2576
2577
2578
2579
2580
2581
2582
2583
2584
2585
6199
8104
4668
1525
2590
2591
2592
2593
7657
2595
7312
2597
1469
4034
4882
2601
2602
2603
2604
406
2606
2607
2608
2609
5758
2611
2612
2613
2614
2615
6985
8911
1507
2619
2620
2941
2622
2623
6128
2625
2626
2627
3481
2629
2630
2631
2632
2633
2634
2705
2636
9328
2638
5611
2640
2641
3035
1902
2644
3756
2646
2647
1368
248
2650
2651
2652
2653
2654
4633
2656
2657
7232
9399
5536
7136
2662
2663
2664
2665
2666
2667
2668
2669
2670
2671
2672
2673
2674
5820
2676
2677
2678
2679
734
7207
2682
2683
2684
5200
2686
8245
8949
2689
2690
2691
2692
3485
2694
2695
2696
2697
2698
2699
2700
2701
2702
2703
206
2635
2706
2707
2708
293
2710
6847
2712
2713
2714
2715
3105
2717
2718
2719
2720
4660
2722
2723
3787
2725
7612
2727
2728
2729
2730
2731
9993
4124
2734
2735
2736
2737
2738
2739
2740
2741
4965
2743
1636
2745
3507
369
3606
2749
2750
1219
2752
3288
2754
2755
9999
2757
436
2759
2760
1290
2762
9957
6245
2158
2766
5317
2768
8823
2770
121
2772
2773
2774
2451
2776
2777
2778
2779
2780
9313
5450
2783
2784
2785
2786
2289
6561
2789
2790
2791
6987
8972
8252
2795
7367
1706
2798
2799
5149
2801
2802
2803
2804
2805
2806
9617
5862
2809
2810
2531
2812
1561
2814
2815
2816
2817
2818
2819
2820
2821
8304
2823
2824
2825
7713
2827
7861
1644
2830
2537
6528
2833
2254
2835
2836
2837
2838
2839
2840
2841
2842
2843
2844
2845
2846
2847
8018
2849
2850
2851
4919
2853
2854
5888
2856
2857
2858
2859
2860
2861
2862
8906
2864
2865
2866
2867
660
2869
2870
9223
2872
2873
8812
2875
2876
2877
569
2879
2880
8398
2882
2883
2884
2885
7437
2887
2888
2889
6861
2891
7526
2893
1540
9860
6396
2897
2898
2899
199
2901
2013
2903
2904
2905
3548
2907
2908
2909
2910
2911
6486
4143
2914
2915
9159
2917
5607
2919
2920
2921
2922
2923
2924
2925
2926
2927
2928
2929
2930
2931
2932
4980
9446
2935
2936
9417
9889
2939
2539
8317
6023
2943
6356
9613
2946
3907
2948
2020
2950
2951
693
2953
6527
2955
2956
2957
2958
2959
2960
349
2398
2963
752
6432
2966
2967
2968
2969
2808
2971
2972
2973
3628
2975
2976
9012
2033
2979
2980
2981
9862
2983
1023
786
500
2987
2988
2989
2990
2991
4389
1703
2994
2995
2996
2997
2998
6512
3000
3001
3002
3003
3004
3005
3006
9267
3008
2552
3475
3011
3012
1554
4318
3015
3016
3017
6784
3019
3020
5468
3022
3023
8492
3025
3026
3027
3028
3029
3030
3031
3032
6453
7756
2642
3036
3037
3038
6203
1205
3041
5430
3043
9394
7302
3046
3047
3048
7267
3050
3051
2478
1340
5350
3055
3519
5873
387
3059
3060
3061
3062
3063
3064
3065
3066
3067
3068
3069
3070
3071
3072
1016
3074
3075
3076
8354
3078
6102
3080
3917
7255
3083
3084
3085
8034
5451
4547
7478
3340
6172
3092
3093
3094
3095
3096
3097
3098
3099
3636
3101
3102
3103
3104
6889
3106
3107
6195
3109
3110
3111
3112
3113
3114
1660
8729
3117
3118
3119
3120
3121
3122
3123
1679
3125
3458
3127
3128
3912
3860
3131
6607
3133
3134
5082
3136
8401
3138
3139
3140
1007
3142
3143
3144
3145
3146
1429
3148
3149
3150
3151
4558
3153
3154
3155
3156
3157
8669
3159
3160
3161
3162
3163
383
9436
3166
3167
2149
5791
3170
3171
1741
3173
3174
5817
3176
3177
3178
3179
2198
3181
3182
503
3184
3185
3186
6608
8851
1366
1848
3191
9815
3193
397
3195
3196
3169
3198
3199
3200
1568
6934
3203
3204
3205
3206
3207
3208
3209
7374
3211
3212
3213
3214
3215
3216
3217
3218
559
6671
3221
3222
4969
3224
3225
9858
3227
7054
7340
3230
9976
3232
5153
3234
8757
3236
6249
3728
3239
3240
3241
3242
6882
3244
3245
8255
8776
3248
7865
1051
3251
3252
6313
3254
3255
7953
3257
3258
3259
2724
3261
3262
3263
7089
3265
3266
3267
8877
2704
3270
3271
1265
9118
9240
3275
3276
7363
3278
3279
3280
3281
3282
3283
3284
3285
3286
1066
4819
3885
3290
6626
3292
3293
3294
9487
3296
4369
3298
6849
3300
3301
9185
3303
3304
8239
3306
3307
9949
9574
3310
1932
3312
3313
5108
3315
3316
3317
3318
3319
7204
3321
3322
3323
3324
7281
4932
3327
3328
3329
3330
3331
3332
5454
3334
3335
3336
8483
3338
3339
3090
3341
3342
1222
711
3345
3346
3347
4112
3349
1427
3351
1872
9521
3354
3355
3356
2052
3358
5026
3360
3361
3362
2193
3364
3365
3366
3367
7475
3369
3370
3371
7567
3373
7327
3375
3376
3377
3378
3379
3295
3381
3382
5665
3384
3566
892
6184
3551
7246
3390
3391
7274
3393
4214
3395
3396
3397
8093
3399
8813
3401
3402
3403
3404
3405
3406
3617
7712
3409
1166
3411
3412
126
6206
3415
165
3417
3418
3419
3420
3421
3422
3423
3424
9621
3426
3427
3428
3429
3430
488
3432
6948
3434
3435
3436
3437
3438
3439
1472
4674
3442
3443
3444
7187
2059
3447
9771
3449
3450
3451
3452
3453
3454
3455
7266
3457
2337
4298
35
3461
1215
5964
2389
4655
3466
3467
4855
3469
3470
3471
3472
3473
3474
3010
3476
2379
3478
3479
1074
2628
7536
1306
3484
2152
5098
3487
3488
3489
3490
3491
2024
3662
3494
4991
3496
3497
3498
1129
3500
3501
3502
3503
3168
3505
3506
2746
3508
8351
3510
3511
5177
3513
3514
7458
3516
3517
3518
3056
3520
5169
3522
3523
8172
3525
567
3527
3528
3529
3530
8857
3532
3533
3534
3535
3536
3537
3538
7680
3540
3541
8206
3543
3544
3545
6299
3547
2906
3549
3550
3388
3552
201
3554
3555
3556
7520
3558
3559
3560
3561
3562
3563
3564
3565
3385
9629
3568
3077
3570
3571
9741
3573
9511
2643
2416
7040
3578
7982
3580
9837
6130
3583
2402
5215
3586
4387
3588
3589
1951
8588
3592
3593
375
3595
7109
3597
3598
3599
1710
3601
3602
3603
3604
3605
9635
3607
3608
3609
3610
7110
3612
3613
701
3615
3616
3407
3618
3619
3620
3621
3622
3623
3624
6178
3626
3627
561
1376
3630
8887
9618
3633
9881
7228
3100
8241
3638
4436
3640
3641
2285
3643
3644
6072
3646
3647
3648
3649
357
2504
3652
3653
3654
3655
1027
4067
3658
3659
3660
8142
3493
3663
3664
3665
3666
4074
4032
3669
3670
3671
3672
3673
3674
3675
2528
3116
3678
3679
6750
3681
8145
3683
7166
3685
9569
3687
3688
3689
3690
3691
3692
3693
3694
3695
4948
3697
3698
3699
3700
3701
3702
3703
3704
3705
330
8564
3708
3709
3710
2257
3712
3713
5655
4541
3716
3717
3718
3086
3720
3721
3722
3723
3724
5344
3726
3727
3238
3729
3730
3731
3732
3733
3734
3735
334
3737
3738
3739
3024
2796
3742
3743
5583
3745
3746
3747
3748
3749
6436
3751
3053
3753
3754
3755
2645
3757
750
3759
3760
3226
3762
3763
3764
3765
5580
3776
7189
3769
3515
428
3772
3773
4793
861
1918
3777
937
3779
3780
3781
3782
3783
6706
3785
3786
7029
3788
3789
2831
3791
3792
3793
3794
2186
3796
9701
7165
3333
3800
938
3802
3803
3804
3805
3806
3807
3808
1986
3810
3811
2399
3813
9744
9094
3816
3817
9064
3819
3820
3821
3822
3823
3824
3825
3826
3827
3828
3829
6674
3831
3832
3833
2073
5826
3836
2541
3838
3839
5135
3841
3842
7606
3844
3845
3846
345
4441
3849
2275
3851
3852
6034
3854
6622
3856
3857
3858
3859
3130
3861
3862
3863
766
3865
3866
3867
3868
2586
3870
3871
3872
3873
2080
663
3876
3877
3878
3879
42
3881
1163
3883
3884
3289
5463
3887
3888
3889
5938
3891
3892
7298
3894
4667
3896
4899
3898
3899
3900
9245
3902
3903
3904
3905
3906
2947
3908
3909
2900
6342
7422
3913
9952
3915
3916
9573
4284
3919
3920
2131
5481
1728
3924
3925
3926
3927
3928
3929
3930
3931
5151
3933
3934
3935
3936
3937
3938
3939
6890
3941
2135
3943
8308
3945
4415
1384
3948
3949
3950
1929
3952
3953
3954
3955
3956
3957
3958
8002
2290
9299
4398
3963
5748
198
3966
3967
3968
5150
3970
3971
3972
3973
3974
6774
4974
3977
3978
3979
3980
3981
9640
3983
7539
3985
3986
2659
7380
3989
3990
9400
5378
7378
6865
5114
3996
3997
3998
3999
4000
4001
4002
4003
4004
4005
8551
4007
4008
4009
4010
4011
4012
308
677
6668
4016
4017
4018
4019
3686
4021
5739
4023
4024
4025
4026
4027
4028
4029
4030
5203
3668
4123
2599
4035
1600
4037
4038
4526
3034
4041
8646
4043
4044
4045
9112
4346
4048
4049
997
4051
4912
4053
9649
4055
4056
4057
4058
4204
4060
1990
4062
4063
4064
4065
4066
3657
4068
4069
2067
4071
4072
4073
3667
6945
4076
4077
5157
4079
4080
4081
4082
716
4922
4085
9005
4087
4088
4089
4046
940
7731
4093
4094
4095
4096
4097
4098
4099
4100
4101
1434
4103
4104
4105
9315
4107
4108
4109
4110
4111
437
4113
3033
8501
4116
4117
4118
2269
4120
4121
4122
4033
2733
4125
6015
4127
8755
4129
4130
4131
526
4133
4134
4135
4136
4137
4138
4139
6291
4141
4142
2913
4144
80
4146
4147
1666
4149
1638
4151
4152
4153
4154
9973
4156
4157
1893
4159
3645
4161
4162
4163
4164
4165
829
4167
7541
4169
4075
4171
4172
5233
2828
4780
4176
4177
4178
133
4180
8221
4182
4183
4184
4185
4186
4187
4188
4189
4190
9023
4192
8321
4194
4195
941
4197
4198
9728
4200
8306
4202
4203
4059
721
4206
4207
4208
4209
4210
8760
5071
4213
3394
4215
4216
4217
4218
4219
6830
4221
4222
8615
4224
4225
7486
4227
4228
4229
1585
8448
6804
4233
4234
4235
4236
8539
4238
4239
4240
9579
4242
19
4244
4245
9841
4247
4248
4249
6913
4615
4252
4253
4254
4255
4256
8627
4258
4259
4260
4261
4262
7495
4264
4265
7604
4267
4268
4269
7473
4271
4272
6785
4274
4275
4276
4277
4278
4279
4676
1170
4282
4283
5089
4285
4286
4287
4288
7603
4290
4291
4292
9195
7975
4295
9783
4297
6559
1058
9963
5584
4302
4303
1923
4305
4306
4307
4308
4309
4310
4311
1347
4313
4314
4315
427
4266
3014
4319
9602
558
4322
4323
1889
3982
4326
4327
1840
4329
4330
4574
7306
8968
4334
4335
4336
4337
4338
4339
4340
4341
4342
1480
4344
4345
5557
4347
4348
4349
4350
4351
4352
4353
7890
4355
4356
8302
4358
4359
4360
1555
4362
4363
4364
4365
4366
9545
4368
3297
8229
7155
4372
4373
4374
4375
4376
4377
4378
4379
7379
4381
4382
4383
4384
4385
4386
3587
4388
2992
9512
4391
4392
6241
4394
4395
4396
4397
3962
4399
4400
2326
4402
2291
6605
4405
7502
9250
4408
5411
4410
3189
4412
4413
4414
257
4416
4417
4418
4419
4420
4421
4422
4263
4424
7746
4426
7371
4428
4429
5558
6011
4432
8072
4434
9060
3639
4437
4438
4439
4440
3848
2292
4443
4444
4445
4446
9202
4448
4449
4450
5096
4452
4453
4454
4455
4456
4457
4458
4459
4460
1005
4462
4463
3650
4465
3495
4467
5174
4469
4470
5860
4472
6151
7840
5075
4476
4477
4478
4479
4480
4481
326
4483
4484
4485
4486
591
4488
4407
4490
4491
4492
4493
4494
4495
4496
4497
4498
6763
4500
4501
617
4503
4504
4505
4506
4507
4707
4509
4510
4511
4512
1488
4514
2863
4516
4517
4518
4519
5498
9260
4522
4523
4524
4525
4039
4527
8435
4529
4530
4531
4532
4533
4534
4535
4536
4537
4538
1537
4540
3715
4542
4543
6265
4545
4546
8294
4548
4549
4550
4551
4552
4553
4554
4555
6919
773
3661
5909
5958
7163
4562
4563
4564
2952
7726
6233
4568
4569
8941
4571
4572
1035
4331
4575
6931
826
4578
2568
4580
8184
5273
4583
4584
4585
7987
4587
4588
4589
4590
737
4592
4593
4594
2310
4596
4597
4598
4599
4600
4913
4602
4603
4299
2944
4606
5932
4608
4609
4610
4611
4612
4613
4614
4251
2655
4617
1485
4619
4620
4621
4622
4623
4624
9054
1116
4627
4628
4629
96
4631
4632
1592
2490
4635
8575
4637
4638
4639
5624
7762
1257
4643
4644
1654
4646
8943
4040
1404
4650
8511
4652
4653
4853
3465
4656
4657
4658
4659
7130
4661
4662
4663
4664
1393
4666
3895
867
4669
4670
4671
4672
4673
320
4675
4280
4677
5365
4679
4680
4681
4682
4683
4684
4685
2610
4687
4688
855
4690
4691
4692
4693
8715
4695
7323
4697
5095
4699
4700
4701
5397
4703
4704
4705
4706
4430
4708
4709
8930
7530
4712
4713
4714
4715
4716
4717
7288
4719
4720
4721
8345
4723
4724
4725
4726
4727
4728
8441
4730
4731
1550
4733
4734
4735
4736
4737
4738
4739
4740
4741
7350
6672
5721
4745
4746
5176
1577
4749
4750
4751
7796
4753
4754
6108
4756
4757
2123
2211
169
4761
4762
4763
4764
4765
1534
466
6867
4769
4770
5576
4772
4773
4774
4775
4776
8803
4778
4779
4175
4781
6296
4825
4784
8905
4786
4787
4788
5587
4790
1698
6630
3512
4794
8961
4796
4797
6474
6163
7010
2452
4802
4803
4804
4805
4806
4807
4808
4809
4810
4811
4812
2293
9288
4815
4816
4817
4818
2753
4820
1945
4822
7148
7892
4783
2565
4827
4828
983
4830
4831
4832
4833
4834
4835
4836
4837
9912
4839
4840
4841
4842
4843
4844
4845
4846
4847
4848
7315
4850
4851
6700
4654
9050
6283
4856
4857
4858
4859
4860
6720
4862
4863
4864
6682
4866
4867
6047
8144
4870
4871
4872
4873
6764
6974
4876
4877
6162
1031
4880
4881
2600
5394
7914
4885
5602
4887
4888
4889
4890
4891
4892
196
4894
977
1695
837
4898
3897
945
4901
4902
4903
4604
2940
4906
9106
1236
4909
1495
4911
4052
4601
4914
7145
4916
6275
9471
8339
4920
6939
13
4923
4924
4925
4926
4927
7748
7702
8713
4931
8621
4933
4934
4935
7742
4937
4938
9162
4940
4941
9491
1167
4944
4945
9277
4947
3696
4949
8704
4951
7833
4953
4954
4955
4956
4957
4958
4959
4960
7812
8090
4963
4964
2742
8507
4967
2006
3223
4970
914
2457
4973
610
4975
4976
1392
4978
5241
2933
6648
2945
4983
5680
4985
4986
4987
4988
5598
4990
6058
4992
4993
4994
4995
2476
4997
4317
4999
5000
5001
5246
5003
5004
6852
9219
1037
9843
5009
5010
1834
5798
5013
5014
5015
5016
5017
5018
5019
5020
5021
1389
5023
5024
1513
3359
1179
3480
5029
5030
5031
2358
5033
8858
5035
5036
5037
5038
5039
2688
9733
5042
9307
5044
5045
5046
1508
7453
6480
5050
5051
5905
5053
5054
5055
5056
5057
9833
5059
5060
5061
6369
5063
5064
5065
5066
5067
5068
5069
9027
4212
5072
5073
5074
9130
5076
5077
5078
5079
9480
5081
1904
4070
5084
5085
5086
5087
5088
3918
5090
5091
9967
5093
5094
4698
9216
5097
3656
6189
6927
5101
5102
5103
969
3634
5106
5107
3314
5109
5110
5111
5112
8040
5677
5115
5116
5117
5118
2244
627
5121
5122
5123
5124
5125
5126
5127
5128
5129
5130
5131
5132
5133
5134
3840
250
5137
6263
3235
5140
5141
5142
9484
5144
5145
5146
5147
5148
8058
3969
3932
5152
5779
543
5155
3684
4078
5158
5159
5160
5161
5162
5163
5164
5165
7831
5167
5168
9981
5170
5171
5172
5173
4468
5175
4747
3774
5178
5179
5180
5181
5182
5183
5184
5185
3768
5297
5188
350
8792
5191
5192
5193
5194
5195
5196
577
5198
5810
9854
5201
1390
4031
5204
5205
6510
5207
5208
8440
7926
4325
5212
5213
5214
3585
2474
5217
5218
2042
785
8863
5222
5223
5224
8116
5226
5227
1270
5229
9657
5231
5232
2209
55
5235
5236
5237
5238
638
5240
4979
9143
5243
2162
1744
5002
5247
5248
5249
961
5251
5252
5253
5254
970
86
5257
7287
5259
5260
5261
5262
5263
1343
2788
5266
5267
5268
5269
8708
5271
5272
4582
6725
5275
8410
7704
5278
2764
5280
5281
1841
5283
5284
8845
5286
5287
5288
5289
6723
5291
5292
5293
5294
5295
5296
5187
9013
5299
5300
5301
5302
5303
5304
5305
5306
625
5308
6405
5310
745
6938
5313
1087
5315
5316
2855
5318
5319
5320
5321
5322
5323
5324
5325
5326
5327
5328
5329
5330
5331
5332
5333
5334
1884
5336
5337
5338
6933
5340
5341
5342
5343
4702
5345
5346
5347
5348
5349
3054
5230
9070
5353
1292
8421
274
5357
5358
5359
9008
5361
5362
5363
6595
4678
5366
858
5368
8796
5461
5371
5372
5373
5374
5375
5376
5377
3992
5379
5703
5381
5382
5383
5384
253
8593
1717
5388
5389
5390
5391
3320
5393
5524
5395
2977
8902
5398
5399
5400
5401
5402
7752
4393
5405
5406
5407
5408
5476
5410
3081
5412
161
5414
1492
5416
5417
5848
5419
5420
5421
5422
5423
5424
5425
6224
5427
5428
2515
3042
5431
5432
5433
5434
6021
5436
5437
5438
5439
5440
5441
5442
9025
12
5445
5446
5447
6144
5449
588
8468
5452
5453
3799
5455
5456
5457
5458
5459
1075
5370
5062
3886
5990
5465
5466
5467
2782
5469
5785
5471
5472
5473
5474
5475
5409
5477
5478
5479
5480
3922
5482
5483
5484
5485
5486
4648
5488
6071
6445
5491
5492
5493
5494
5495
5496
5497
4520
5499
8213
7127
5502
7188
5504
5505
5506
1739
8146
6330
5510
9218
5512
5513
5514
5515
5516
5517
5518
8846
5520
5521
5522
5523
6780
5525
5526
5527
6604
5529
9888
5531
1688
8625
5534
5535
2660
5537
7913
7318
5540
5541
5542
5543
425
5545
5546
919
5548
5549
5550
285
1055
2418
5554
5555
1309
4047
8417
8151
5560
9908
9056
7891
5564
5565
5566
5567
9007
5220
8026
5571
7754
5573
5574
4689
4771
7443
5578
5579
3766
5903
5582
3744
4301
8092
5586
4789
5588
5589
5590
3740
7860
5593
8550
280
5596
5790
4989
5599
5600
5601
4886
5603
5604
5605
5606
9643
5608
5609
5610
2639
5612
5613
5614
6381
5616
5617
5618
5619
5620
5621
5622
1901
798
2233
5626
5627
5628
5629
5630
5631
5632
5633
5634
7331
5636
5637
7409
5639
7977
5641
5642
5643
5644
5645
5646
5647
5648
5649
5859
5651
5652
5653
5654
1960
5656
5657
5658
5659
5660
162
5662
5663
5664
1653
5666
5667
5668
9164
6070
5671
5672
5673
5674
5675
8994
1828
5678
5679
8497
5681
5682
1752
4273
5685
5686
5687
5688
4150
5690
5691
5692
5693
5694
5695
5696
5697
4744
5699
5700
5701
5702
5380
5704
8240
5706
5707
9718
6362
5710
8988
5712
5713
5714
5715
5716
5717
5718
5719
5720
5698
5722
5723
7551
5725
5726
5727
9679
5729
3542
5731
5732
5733
5734
5735
5736
2221
5738
4466
5740
5741
2414
5743
5744
5282
5746
5747
6361
5749
9148
5751
9443
5753
5754
5755
5756
5757
4686
5759
2088
5761
5762
1319
2299
3631
5766
8747
5768
5769
5770
5771
5760
5773
3676
8372
5776
1302
8526
1516
775
5781
2034
5783
5784
5470
5786
5787
5788
5789
5597
3197
7693
5793
5794
5795
5796
5797
106
5799
5800
5801
9921
2441
5804
4636
215
5807
5808
5809
8214
3569
5812
5813
5814
3477
8314
4977
8081
5819
2675
5821
5822
6897
5824
5825
3835
5827
895
9380
5830
5831
5832
5833
5834
4367
5836
5837
5838
5839
5840
8937
5842
5843
5844
5845
5846
2440
5418
5849
5585
5851
5852
5853
9703
5855
5856
5857
5858
1567
7295
5861
7329
5863
5765
5865
5866
5867
5868
5869
6909
5871
5872
8131
5874
9308
9985
5877
9253
5879
9933
5881
5882
5883
955
5885
9197
3233
2767
269
5890
5891
5892
5893
292
4475
5896
5897
5898
5899
5900
5901
5902
9699
5904
5052
1552
5907
9774
4559
6488
5911
5912
5913
9209
5915
5916
5917
5918
5919
5920
5921
5922
5923
5924
3463
301
8493
5928
5929
5930
5931
4607
5933
5934
8962
5936
5937
621
5939
8692
5941
6358
5943
5944
5945
5946
5947
1150
5949
5950
5951
2255
5953
5954
5955
5956
5957
4560
5553
5960
5961
5962
5963
9229
5965
5966
5886
5968
5969
5970
5971
5972
5973
5974
5975
7819
5977
9477
6423
5980
5981
5982
1346
5984
176
2649
5987
5988
2372
1140
5991
5992
5993
5994
5995
5996
5997
2894
5999
6000
6001
91
6003
6004
6005
492
6007
2154
6009
6010
4431
1334
6013
6014
2363
6016
6017
6018
6019
5742
5435
6022
2942
6024
7643
8931
6027
6028
6029
6030
6031
6032
1987
3853
6035
6036
7879
6038
6039
6040
6041
8578
6043
6044
6045
1687
4868
6048
6049
6050
6051
9913
6053
6054
9228
6056
6057
4022
6059
6060
1670
6062
6063
6064
6065
6066
7200
6068
6069
5670
5489
4160
4193
6074
1787
7352
6077
6078
6079
6590
6081
6082
9018
6084
6085
2794
6087
6088
6089
6090
6091
6092
6093
6094
6095
6096
6097
9119
6099
6100
6101
9287
6103
6104
6105
6106
6107
4755
1322
6110
6111
6211
6113
6114
6115
6116
6117
6118
6119
6120
6121
6122
6123
6124
467
6126
6127
2624
9478
3582
6314
2325
6133
6134
6135
6136
6137
6138
6139
6140
6141
1115
7067
5448
6145
6146
6147
6148
7101
6150
4473
6152
6153
6154
6155
586
6157
6158
6159
3524
6161
4878
4799
6164
6165
6166
6167
6168
2376
6170
6171
8042
6173
6174
6175
6176
2075
3625
521
6180
6181
6182
6183
9401
6185
6186
6187
6363
5099
6190
1009
6192
6193
6194
3108
6196
6197
9875
3869
7653
6201
6202
3039
6204
6205
7925
7153
6208
6209
6210
6112
8181
6213
950
6215
6216
6217
6218
7326
6220
6221
4020
6223
297
6328
6226
6227
8856
6229
6230
6231
6232
4567
6234
6793
6236
1713
6238
2502
6240
7737
6242
6243
8520
5279
3052
6247
6248
3237
1521
6251
6917
6253
6254
6255
6256
6257
6258
6259
6260
6261
6262
5138
6264
4544
6266
3082
6268
6269
6270
6271
6272
6273
6274
4917
6276
1243
7400
6340
1941
6281
6282
3468
6284
6285
6286
6287
6288
6289
1259
9734
3124
6293
532
6295
4782
7850
6298
143
4086
6301
6302
6303
6304
4489
6306
6307
6308
6309
7735
6311
7041
3253
6131
1085
1581
6317
6318
9028
691
4910
6580
2355
8978
6325
6326
6327
6225
2793
5509
9610
4921
6333
6334
6335
6336
6337
6338
6339
306
6341
3911
7803
6344
172
6346
6347
6348
5689
6350
6351
6352
267
6354
6355
4145
6357
5942
2214
6360
3964
5709
1961
6364
6545
6366
6367
6368
5462
4556
6371
6372
242
3018
6375
6376
6377
6378
6379
6380
5615
6382
6383
6384
6385
6386
2949
6388
4718
6390
1156
6392
6393
6394
9678
2896
6397
6398
6399
6400
6401
1726
6403
6404
5309
4091
6407
6408
6409
9340
6411
6412
6413
1678
6415
6416
6417
6418
6419
6420
6421
6422
5979
1968
6425
6426
6427
6428
6429
6430
6431
7396
6433
6434
6435
3750
6437
6438
6439
6440
6441
1665
6443
6444
5490
6446
6447
6448
3790
6450
6451
6452
4114
6454
6455
6456
6457
6458
8721
6460
6461
6462
6463
6464
2534
6466
6467
411
6469
6470
6471
6472
6473
4798
6475
7236
6477
6478
4316
5049
7103
6482
6483
6484
6485
2912
6487
5910
6489
6198
6491
6492
6943
6494
6495
6496
6497
6498
7826
6500
6501
6502
6503
6504
6505
6506
6507
6508
6509
5206
6511
4464
6513
6514
125
1482
6517
6518
6519
6520
6521
7838
6523
6524
6525
5532
2954
6930
8634
5364
6531
6532
6533
6534
6535
6536
6537
7942
6539
6540
799
6542
6543
6544
6365
6546
6547
6548
6549
6550
6551
6552
6553
6554
6555
8735
5854
6558
3459
6560
2460
6562
6563
6564
6565
6566
6567
6756
6569
6570
6571
8168
6573
6574
6575
935
6577
6578
6579
9541
6581
6582
6583
6584
6585
6586
6587
6588
6589
6080
6591
6876
6593
7427
6530
3308
6597
6598
6599
6600
6601
413
8834
5528
4404
6606
9297
8473
6609
6610
6611
6612
6613
6614
7846
6616
6617
7720
6619
6620
6621
3855
7084
8057
6625
3291
6627
9306
6629
6840
6631
9273
6633
8243
6635
6636
6637
6638
6639
6640
9834
6642
6643
6644
210
6646
5983
7660
6142
6650
6651
6652
6653
6654
6655
5216
6657
6658
1013
6660
2051
7390
3273
6664
6665
38
6667
4015
6669
6670
7581
6603
2057
3830
6675
6676
6677
6678
6679
6680
6681
4865
6683
311
6685
6686
7847
3770
6689
376
8107
6692
6707
1762
6695
6696
5043
6698
6002
4852
6701
6702
6703
6704
6061
3784
6693
6708
6709
6710
6711
6712
907
6714
6715
6716
1304
6718
6719
3269
2938
6722
5290
6724
5274
6726
6727
828
6729
6730
6731
6732
6733
6734
6735
6736
6737
6738
6739
6740
6741
1475
6239
6744
6745
6746
6747
1570
6749
3680
7507
6752
6753
8652
7995
8389
6757
6758
6759
6760
6761
6762
4499
8415
6765
6766
6767
6768
6769
3180
6782
6772
6773
8215
6775
6776
6777
6778
6779
4883
6781
9431
6783
8011
5684
6786
6787
6788
6789
7584
6791
6792
6235
6794
6795
6796
4294
6798
8847
6800
6801
6802
6803
7723
6805
6806
6807
6808
6809
6810
6811
6812
6813
8867
6815
6816
6817
6818
6819
2556
6821
6822
6823
6824
6825
6826
6827
6828
6829
7045
6831
6832
1934
6834
6835
6836
6837
6838
9193
2535
6841
6842
3581
2510
6845
6846
7817
8348
3299
6850
6851
5005
5352
6854
6855
6856
6857
6858
6859
6860
2890
438
6863
6864
3994
3567
4768
6868
6869
6870
7244
6872
6873
6874
6875
289
6877
4743
6879
6880
6881
8718
6883
6884
6885
6886
6887
6888
317
3940
6891
6892
6893
8989
6895
6896
5823
9714
4390
3325
7619
6902
6903
6904
6905
6906
6907
6908
5870
6910
6911
6912
4250
8871
6915
6916
8140
6918
9166
6920
6921
6922
2852
6924
6925
6926
5100
6928
6929
2832
4576
6932
5339
9605
6935
6936
6937
5312
6332
6940
6941
1609
6493
6944
4170
6946
6947
1894
8914
6950
6951
6952
6953
6954
6955
6956
6957
6958
6959
6960
6961
6962
6963
6964
8463
6966
6967
6968
6969
6970
6971
6972
6973
4875
6975
6976
6977
6978
147
6980
6981
6982
6983
6984
2616
6986
286
6988
6989
6990
6991
6992
6993
1426
6995
6996
3079
6998
6999
8604
7001
7002
7003
7004
7005
7006
7007
7008
7009
4800
8056
7012
7013
7014
7015
7016
7017
7018
7019
7020
7021
7022
7023
7024
7025
7026
2174
7028
3260
7030
6914
7818
7033
7034
7035
7036
7037
7038
7039
3577
6312
314
7043
7044
4220
7046
7047
1289
9149
7050
7051
8547
7053
9086
8108
7056
7057
8176
7059
7060
7061
7382
7063
7064
7065
7066
6143
7068
7069
7070
6316
7072
7073
7074
7075
7076
3219
7078
7079
7080
7081
7082
7083
6623
7085
2547
7087
7088
3264
7090
7091
9587
7093
7094
7095
7096
7097
1155
9578
7100
6149
8452
6481
644
7105
7106
7107
7108
8925
380
7111
7112
7113
7114
7797
7116
7117
7118
7119
7120
2112
7122
7123
7124
7125
7126
5501
7128
7129
4971
7131
7791
4826
1251
8679
2661
7137
7138
7139
7140
7141
7142
6228
7144
4915
7146
7147
4823
9490
7150
7151
7152
6207
7154
4371
7557
7157
7158
7159
7160
7161
7162
681
1921
3798
5156
7167
7168
7203
7170
7171
7172
8340
1400
7175
46
7177
7178
7179
7180
560
7182
7183
7184
7185
7186
3445
5503
5186
7190
7191
7192
7193
9115
7195
7196
7197
7198
7199
6067
7201
7202
7169
850
7675
7206
2681
7208
9556
7210
7211
7212
7213
8806
7215
7216
7217
7218
7219
7220
2618
8256
7223
7224
7225
1080
7227
3635
7229
7230
7231
8885
9309
7234
7235
6476
7237
7238
7239
7240
7241
7242
7243
8662
7245
3389
7247
7248
7249
7250
7251
7252
7253
7254
6267
7256
7257
7258
846
7260
7261
7262
7263
7264
7265
3456
3049
7268
7269
7270
7271
7770
5487
3392
7275
884
7277
9723
7279
7280
6900
7071
7283
7284
7285
7286
5258
1367
7289
7290
333
7292
7293
7294
4471
7296
7297
3893
7299
7300
7301
2970
7303
7304
7305
4332
7307
7308
1676
7310
7311
2596
9796
7314
6713
7316
3229
5539
7319
7320
7321
7322
4696
7324
7325
6219
717
7328
3045
7330
5635
7332
7333
6541
7335
7336
7337
7338
7339
7317
7341
7778
7343
7344
7345
7346
3942
7348
7349
4742
7351
1225
7353
7354
8461
7356
889
7358
8700
8581
88
9199
5219
7364
7365
7366
3741
7368
7369
7370
4427
7372
7373
6853
7375
7376
7377
3993
4380
3988
7381
7062
7383
9249
9069
7386
7387
7388
7389
6662
7391
7392
7393
7394
7395
888
7397
7398
7399
279
7401
7402
7403
7404
9615
7406
7407
6465
9433
7410
7411
7412
579
7414
7415
7416
7417
7418
7419
8315
7421
3129
7423
9331
3947
7426
6594
7428
7429
7430
7431
7432
7433
7434
7435
5767
2886
7438
7439
7104
7441
7442
5577
7444
7445
7446
7447
7448
7449
2748
7451
7452
4451
7454
7455
7456
7457
8872
901
7460
7461
7462
7463
262
7465
7466
7467
1620
7464
7470
7471
719
4270
7474
3368
8455
9505
3089
1448
7480
7481
7482
7483
7484
7485
1146
7487
7488
7489
7490
7491
7492
7493
7494
4423
7496
7497
7498
6699
7500
7501
4406
7503
7504
7505
7506
1766
7508
7509
7510
7511
7512
7513
7514
7515
7516
7517
7518
7134
3557
8617
7522
9832
7524
7525
2892
7527
7528
7529
4711
7531
4879
1228
7534
7535
3482
7537
7538
3984
7540
4168
7542
7543
7544
2339
7546
7547
7548
7549
7550
5724
7552
7553
7554
7555
7556
1197
7558
7559
7560
7561
7562
7563
7564
7565
7566
3372
7568
7569
7570
8596
7572
7573
9330
7575
7576
4296
9351
7579
7580
3220
7582
7583
2253
7585
7586
7587
7588
7589
8793
7591
7592
7593
7594
7595
7596
7597
7598
7599
1852
7601
7602
9941
6632
7605
3843
7607
7608
7609
7610
7611
2726
7613
8580
7615
7621
7617
7618
6901
7620
7616
7622
7623
7624
7625
7626
7627
7628
7629
7630
7631
9582
7633
7634
7635
7636
7637
8127
1998
4618
7641
7642
6025
7644
8781
7646
7647
7648
7649
7650
7651
7652
6200
7654
6359
7656
2594
7658
7659
4981
7661
7662
7663
8675
9811
3115
7667
7668
7669
7670
3414
9950
7673
7674
7205
7676
7677
4148
4502
3539
7681
9454
7683
7684
7685
9079
7687
7688
7689
7690
7691
7692
5792
7694
7695
7696
2986
7698
7699
7700
7701
4929
7703
5277
7705
2383
2365
8919
7709
7710
7711
3408
2826
7714
8458
7716
2241
6292
8912
6618
7721
7722
4232
8870
7725
4566
7727
7728
7729
7730
9157
7732
7733
7734
8512
7736
5404
7738
7739
1131
7741
4936
4409
7744
7745
4425
7747
4928
7749
7750
7751
5403
7753
5572
7755
7273
7757
464
7759
7760
7761
4641
7697
7764
8789
7766
7767
3380
9704
2895
7771
7772
7773
7774
7775
8659
7479
7342
7779
7780
7781
7782
7783
7784
7785
7786
7787
7788
7789
7790
7132
7792
7793
7794
7795
246
7115
7798
7799
5239
7801
7802
6343
7804
7805
7806
7807
7808
7809
7810
7811
4961
7813
4106
2385
7816
2711
6125
5640
576
7821
7822
7823
7824
7825
7998
7827
7828
7829
7830
5166
7832
9182
7834
7835
7836
8537
6522
7839
4474
7841
7842
7843
7844
7845
352
403
7848
7849
6297
1068
7852
7853
7854
2532
637
917
7858
7859
5592
5311
7862
1637
7864
3249
7866
7867
9204
7869
7870
7871
7872
7873
7874
7875
7876
7877
7878
6037
7880
7881
7882
7883
7884
7885
1992
8017
7888
7889
4354
5563
4824
7893
7894
3087
7896
2505
7898
7899
7900
9648
7902
7903
8271
7905
7906
7907
8283
8098
7910
7911
7912
5538
2281
3771
1632
8207
7918
7919
7920
7921
439
7923
7924
7671
5210
7927
7928
7929
7930
7931
7932
7933
4821
7935
7936
8875
7938
7939
7940
7941
6538
7943
7944
7945
7946
7947
7948
7949
1077
7951
7952
3256
7954
495
7956
7957
7958
7959
7960
1314
7962
7963
9668
7965
7966
116
7968
7969
7970
7971
7972
120
1527
6797
3410
5976
1667
7979
8073
7981
584
7983
1571
7985
7986
4586
9044
7989
7990
1569
7992
7993
7994
6755
555
7997
7934
7999
8000
1874
9057
9468
8004
8005
8006
8007
8008
8009
2550
6374
8012
8013
9360
8015
8016
7887
2848
8019
1381
8021
8022
8023
8024
8025
5570
8027
8028
8029
8030
8031
8032
8033
3719
8035
8036
8037
8038
8039
1589
8041
3091
8043
8044
8045
8046
8047
1882
8201
8050
8446
8052
7233
8054
5841
7011
6624
2800
8059
8060
8061
8062
8063
2021
8065
8066
4625
1097
8069
8070
8071
4433
2501
8074
8075
8076
8392
8078
8079
5360
7855
8082
8083
2163
8085
8086
8087
8088
8089
8583
9117
5850
3398
8094
8095
8096
8097
2085
8099
8100
8101
8102
8103
2587
8105
8106
6691
7055
8109
8898
1123
8112
8113
8114
8115
876
8117
8118
8119
8120
6844
8122
8123
1282
6592
8126
7638
7459
8129
8130
3057
8132
8133
8134
8135
9437
8137
505
8139
6252
8141
3152
8143
4869
3682
979
8147
8148
8149
73
5559
8152
4972
8453
8155
8156
8157
8158
8159
8160
8179
8162
8163
8164
8165
8166
335
6572
8169
8170
8171
9726
8173
8174
8896
7058
8177
8178
8161
8180
7978
8182
8183
4581
8185
8186
8187
9954
8189
8190
9129
8192
8193
8194
8195
8196
8197
8198
8199
8200
8049
8202
8203
8204
8205
9564
7917
8208
8209
8210
1949
510
6649
5199
1352
8216
8217
8218
8219
9743
4181
8222
8223
9915
8225
5811
8227
8228
4370
2274
8231
8232
8233
8234
8235
8236
8237
8238
668
8538
3637
8242
6634
8244
2687
8246
8247
8248
8249
8250
2423
6086
8253
8254
3246
7222
8257
8258
8259
8260
8261
8262
8263
8264
8265
8266
8267
8268
8269
8270
7904
8272
8273
8633
8275
8276
8277
9092
8279
8280
790
8282
193
8284
8285
8286
8287
8288
6949
8290
8291
8292
8293
3088
8295
8296
8297
8298
605
8300
1017
4357
8303
2822
8305
4201
8307
3944
8309
2130
8311
8312
8313
3509
7420
8316
1979
8318
8319
8320
6073
8322
8323
8324
7173
8326
8327
8328
8329
8330
8331
8332
8333
8334
8335
8336
8337
8338
6923
8809
8341
8342
8343
8344
4722
8346
8347
6848
8349
8350
5816
8352
8353
8226
8355
1153
8357
8358
8359
8360
8361
8362
8363
8364
1514
8366
8367
1096
8369
8370
8371
5775
1069
8374
8375
8376
8377
8378
8379
8380
8381
8382
8383
8384
9567
8386
8387
8388
6568
8390
8391
8077
8393
8394
9554
8396
8397
2881
8399
8400
3137
8542
8403
8404
8405
8406
8407
8408
8409
1112
8411
8412
8413
8414
4874
8416
2286
8418
4173
8420
1241
8422
8423
6721
8425
8426
1885
8428
8429
8430
8431
8432
8433
8434
4528
8436
8437
8438
8439
5209
9616
8442
8443
8444
8445
8051
1134
4231
8449
8450
8451
7102
3192
1887
7476
8456
8457
976
8459
8460
7355
8462
6965
1984
8465
8466
8467
7214
8469
8470
8471
8472
211
8474
9396
8476
904
8478
8479
694
8481
8482
3337
8484
8485
5778
8487
8488
8489
8490
8491
5591
5927
600
8495
8496
4984
8498
8499
8500
9334
8502
8503
8504
8505
8506
4966
8508
8509
8510
4651
9566
4036
9932
8515
2153
8517
8518
8519
6244
8521
8522
8523
8524
8525
8486
9276
8528
1402
8530
8531
2143
7984
8534
8535
1186
7837
6008
3651
8540
8541
8840
8543
7686
8545
8546
1939
8548
252
5594
4006
8552
8553
8554
8555
2721
8557
8558
8559
8560
72
8562
8563
3707
8565
8566
8567
8568
1410
8570
8571
8572
8573
8574
5805
8576
8577
6042
8579
7614
7360
8582
4962
8584
8585
8586
7000
3591
6717
8590
8591
8592
1028
3202
8595
7571
8597
5429
8599
8600
1590
8602
8603
6055
8605
8606
5351
8608
8609
8610
8611
8612
8613
8614
4223
8616
7521
8618
8619
8620
3326
8622
844
8624
5533
2404
4257
8628
8629
8630
8631
7049
2309
6529
8635
8636
8637
8638
4102
8640
8641
8642
1712
8644
8645
4042
8750
8648
8649
4140
8651
6754
8653
8654
8655
8656
8657
2258
8929
8660
8661
6871
8820
8664
8665
8666
8667
8668
9485
1281
8671
8672
8673
8674
7664
8676
8677
8678
7135
8680
8681
8682
8683
8684
8685
8686
8687
7901
926
636
8691
5940
8693
8694
163
8696
8697
8698
8699
7359
8701
8702
8703
4950
1753
8706
8707
5270
8709
8710
8711
9653
6557
8714
4694
8716
8717
1843
8719
8720
6459
8722
8723
8724
8725
8726
8727
8728
3677
8730
8731
8732
988
8734
6556
8736
11
8738
8739
8740
8741
5244
8743
8744
8745
1719
2934
8748
8749
8647
8751
2751
9791
8754
6684
8756
5139
8758
180
4211
8761
8762
8763
8764
8765
3247
8767
8768
8769
8770
8771
8772
8773
8774
8775
8766
8777
8778
8779
2400
7645
8782
8783
8784
8785
1661
8787
1880
7765
8790
5285
5190
7590
8794
8795
9203
2173
8798
8799
8800
8801
8802
4777
8804
8805
2304
8807
8808
2333
8810
8811
2874
3400
8797
8815
8816
8817
8818
8819
8663
9170
8822
2769
8824
8825
8826
8827
8828
8829
8830
8831
8832
8833
6878
64
619
8837
8838
8839
8402
8841
8842
8843
8844
8791
5519
6799
6188
8849
8850
3188
8852
8853
449
8855
4126
3531
5034
9367
8860
8861
8862
5221
8864
8865
8866
6814
1574
8869
7724
7031
6688
8873
8874
1628
8876
3268
8878
8879
8880
8881
8882
8883
8884
2658
9381
5864
8888
8889
8890
8891
8892
8893
8894
8895
381
2161
5661
8899
8900
8901
3725
9038
8904
7436
4515
8907
8908
8909
8910
331
7719
1412
8289
8915
8916
8917
7976
3611
8920
8921
8922
8923
8924
3596
8926
8927
8928
7776
4710
6026
8932
8933
8934
8935
8936
8055
8938
8939
8940
9762
8942
4647
6305
8945
8946
8947
8948
5040
736
8951
8952
8953
8954
8955
8956
9259
8958
8959
8960
4795
5935
8963
8964
8965
8966
8967
4333
8969
8970
8971
6329
8973
8974
8975
8976
8977
6324
8979
8980
435
8982
8983
8984
8985
8986
8987
5711
6894
8990
1335
8992
8993
5355
8995
8996
8997
8998
8999
9037
9001
9002
9003
9004
6300
3386
5568
8080
9009
9010
9011
5396
5298
9014
6673
9016
9017
6083
9019
9020
448
9022
4191
9024
5443
5815
5070
6319
9029
9030
9031
1464
9033
9034
9035
9036
9000
8903
9039
9040
9041
9042
9043
7988
9045
9046
9047
9048
9049
4854
9051
9052
9053
709
9055
5562
3959
9058
9059
4435
9061
9062
9063
1977
9065
9066
9067
9068
8589
3210
9071
9072
9073
9074
9075
9076
9077
9078
5500
9080
9081
9082
9083
9084
9085
4115
9087
9088
9089
9090
9091
3910
9093
3815
9095
9096
9097
9098
9099
9100
9101
9873
9103
9104
9105
4907
9107
9108
9109
9110
9111
4090
9113
9114
7194
9116
2151
6663
6098
9120
9121
9122
9123
9124
9125
3874
9127
9128
8191
5895
9131
9132
9133
9134
9135
9136
9137
9361
9139
9140
9141
290
5242
9144
9818
9146
9147
5750
8632
9150
1499
9152
9153
9154
9155
9156
9254
9158
2916
9160
9161
4939
9163
5669
9165
6370
9167
9168
9354
8821
9171
9172
9173
9174
1276
9176
2117
9178
9659
9180
5202
4952
9183
9184
3302
7967
9187
9188
9189
1157
9191
9192
1419
9194
4293
9196
8836
9198
7362
9200
9201
4447
5369
7868
9205
9206
9207
9208
5914
1015
9211
1819
9213
9214
9215
5048
9217
5511
5006
9220
9221
9222
2871
9224
9225
9226
9227
8587
5925
9230
9231
9232
9233
9234
9235
9236
9237
2002
9239
5556
9212
5835
9243
9244
3901
9246
9247
9248
7384
8944
9251
9594
5878
4092
9255
9256
9257
9258
8957
4521
9261
9262
2321
9264
1174
1642
3007
1059
9269
9270
9271
9272
9965
9274
9275
8527
4946
9278
9279
9280
9281
9282
1937
9284
9285
9286
455
4814
9289
9290
1692
9292
9293
9294
9295
183
3132
9298
3961
9300
9263
9302
9303
9304
9305
6628
6697
5875
8569
9310
9311
9312
9772
9314
536
9316
9317
9318
9319
8854
9321
9322
9323
9324
9325
9326
9327
9459
9329
7574
7424
8513
9333
8918
9335
9336
9337
9338
9339
6410
9341
9342
9343
9344
3190
9346
9347
9348
1746
9350
7578
9352
9353
9169
9355
1176
9357
9358
9359
8014
9138
9362
190
9364
9365
9366
8859
9368
9369
9370
9371
9372
9373
9374
9375
9376
9377
9871
9379
5829
1503
9382
9383
9384
9385
9386
9387
9388
2412
9816
327
9392
9393
3044
9395
6406
9397
9398
3987
3991
7743
9402
454
9404
9405
9406
9407
9874
9409
9410
9411
9412
9413
9414
417
9416
2937
5392
9419
9420
9421
9422
9423
9424
9425
4119
9427
9428
9429
9945
6771
9432
5638
9434
9435
3165
8136
9438
9439
9440
9441
2195
8212
9444
9445
4785
9447
9448
9449
9450
4930
9452
9453
7682
9455
9456
89
9458
1365
838
9461
9462
731
9464
9465
9466
9467
8003
9469
9470
4918
9472
4758
9474
9475
9476
419
6129
9479
5080
9481
9482
9483
5143
3158
9486
7768
9488
3433
7149
4942
2058
9493
9494
9495
9496
9497
9498
9499
9500
5676
9502
9503
9504
7477
9506
9507
817
9509
9510
3574
6899
9513
9514
9515
9516
9517
9518
9519
9520
3353
9522
9523
1953
9525
9526
9527
9528
9529
9530
9531
7974
9533
9534
784
9536
9537
9538
9539
9540
6322
9542
9543
9544
9242
9546
9547
9548
9549
9550
9551
9552
9553
8395
9555
7209
9557
9558
9559
9560
9561
9562
9563
5730
9565
8639
8385
9568
5803
4998
9571
9572
3387
3309
9575
9576
9577
7099
3847
9580
9581
7632
9583
9584
981
9586
7092
9588
9589
9590
9591
9592
9593
9252
2316
9596
9597
9598
9599
9600
9601
4320
9603
9604
2142
9606
9607
9608
9609
6331
9611
9612
4982
9614
9849
4729
2807
3632
9619
9620
3425
6310
9623
9624
9625
515
9627
9628
3441
9630
9631
9632
9633
1965
7450
9636
9637
9638
9639
5211
9641
9642
2918
9644
2543
3272
957
8688
1424
9650
9651
9652
8712
9654
9655
9656
8607
9658
9179
9660
9661
9662
9663
9664
9665
9666
9667
7964
9669
9670
9671
9672
9673
9674
9675
9676
9677
6395
5728
9680
9681
9682
9683
9684
9685
9686
9687
9688
9689
9690
9691
9692
1593
9694
9695
9696
9697
9698
1041
9700
3797
9702
2985
7769
9705
9706
9707
9708
9709
9710
9711
9712
9713
6898
9715
9716
9717
5708
2962
9720
9721
9722
7278
9724
9725
2265
9727
4199
9729
9730
9731
9732
5041
8650
9735
9736
9737
9738
2232
9740
1151
9742
4403
3814
9745
3584
9747
9748
9749
9750
9751
9752
9753
9754
9755
9756
9757
9758
9759
4166
9761
8950
9763
9764
9994
9766
9767
9768
9769
9770
3448
2781
9773
5908
9775
9776
9777
9778
9779
1253
9781
9782
7577
9784
9785
9786
9787
9788
9789
9790
20
9792
1203
9794
9795
847
9797
9798
9799
9800
9801
9802
9803
9804
9805
9806
6770
9808
9809
9810
7665
7718
9813
9814
2598
9390
9817
9145
9819
9820
9821
4054
9823
9824
9825
9826
9827
9828
9829
9830
772
7523
5058
2797
9835
9836
2086
9838
9839
9840
4246
9842
5008
9844
9845
9846
9847
9848
7405
9850
9851
9852
9853
6449
9855
51
9857
1348
9859
7272
9861
2982
9863
1751
9865
9866
9867
9868
9869
9870
9378
9872
9102
9408
6490
9876
171
9878
9879
9880
5105
1173
9883
1738
9885
9886
9887
5530
8424
9890
9891
9892
9893
9894
9895
9896
9897
9898
9899
9900
6576
595
9903
9570
9905
9906
9907
5561
8536
9910
9911
1355
6052
9914
8224
9916
9917
9918
9919
9920
5802
9922
9923
517
9925
9926
7221
9928
9929
9930
9931
8514
5880
9934
9935
9936
9937
9938
9939
9940
7895
9942
9943
9944
9430
9946
9947
9948
6596
835
9951
3914
9953
8188
9955
9956
1983
2172
9959
9960
9961
9962
996
9964
9904
9966
5092
9968
9969
9970
9971
2978
4155
9974
9975
3231
9977
9978
9979
912
3521
9982
9983
9984
5876
9986
9987
9988
1190
9990
9991
9992
2732
3629
9995
9996
9997
9998
6666
10000
