1
2306
3
4
9050
5921
7
8
1717
10
8801
1846
5757
14
15
16
9621
18
19
20
4730
22
3372
24
7000
7028
27
28
8991
6651
31
32
7642
34
35
36
9118
38
39
4720
5699
4164
286
44
8611
6880
47
3076
49
7892
1134
9584
53
6518
618
56
57
58
746
2967
61
62
9698
64
65
4676
9763
8055
344
9727
71
726
9614
74
167
5238
9160
78
2394
80
81
6291
3808
3994
85
86
1328
88
5328
3551
91
9678
93
484
95
96
5059
98
99
100
6429
102
103
104
105
9620
2695
2470
6969
5572
111
112
5220
114
4281
200
117
118
119
1141
121
122
123
2800
125
3689
4002
8976
129
1434
635
9426
133
134
135
136
601
138
139
140
141
9032
143
144
145
9490
4503
277
2383
150
151
152
153
154
155
156
2292
857
1539
160
161
162
5443
164
165
166
8271
3112
4801
170
7422
6999
1494
174
946
176
177
3668
179
7517
181
182
8688
2017
8091
2404
5558
1056
5302
336
8504
275
4644
6598
6808
33
197
1190
2687
116
201
6439
203
204
205
3651
1704
1590
209
4107
1045
212
213
214
215
1476
217
3639
8458
220
7820
3194
223
224
225
9385
9733
228
3472
3987
231
3935
5818
234
235
6724
5164
238
239
2030
241
8918
2424
244
245
9369
2756
248
249
250
641
252
4930
2248
255
256
257
9404
7501
8009
5611
4530
263
264
265
266
267
268
269
6596
271
272
6815
274
3255
276
1199
8059
1574
9586
281
5490
283
284
3924
8021
3585
288
5140
5911
291
9423
3884
294
1840
8581
9074
7779
299
5902
4616
302
9866
304
763
3513
1720
308
309
8379
5864
4127
9364
5741
9878
3848
317
318
319
4504
5343
322
323
6079
5417
7762
327
328
329
3166
331
914
333
334
335
3128
337
338
339
1501
341
342
343
7157
345
346
7940
348
349
350
5073
352
353
860
355
356
6260
9475
359
360
361
3761
7705
7415
5790
366
367
5142
3702
1409
371
9338
9273
374
5477
785
2987
1144
379
983
3587
6262
4469
8873
385
7014
387
9433
6965
2246
391
392
393
394
6634
2963
9039
7716
399
400
401
402
403
404
2149
406
4571
5275
409
5715
411
412
413
2185
415
1860
417
1757
3259
6110
4227
422
1567
424
1437
5488
2526
428
9363
430
431
3379
683
3162
7620
436
437
438
8050
440
6933
442
443
9211
6973
1159
1069
3794
449
5169
3901
9845
453
454
455
6454
2003
462
6871
7076
461
7613
7038
3337
1020
1940
194
4014
3720
2817
471
472
8807
474
1100
476
477
478
479
480
4533
8589
483
9538
485
7108
1570
2882
489
490
6162
492
493
4891
3659
863
497
3943
499
500
501
9485
503
504
505
3864
2557
508
509
3819
511
930
513
514
3931
6156
3126
518
519
1176
521
1620
523
524
1121
526
527
5290
9041
530
531
532
9368
1217
8684
536
537
538
7177
1113
541
6318
188
544
6155
9890
547
4483
549
9649
9212
340
553
4410
5093
3318
9762
558
7448
7370
6229
3240
8197
6958
6039
566
4959
568
569
7007
4861
3699
5400
9014
575
576
651
9071
1171
4858
581
432
583
4037
585
2666
7218
9347
589
590
3254
592
3862
594
595
596
8173
598
6441
600
137
1462
603
1529
132
2102
9312
6037
3389
4908
6980
5932
613
614
615
1576
2295
8031
5227
9769
621
2895
623
624
625
3548
4639
9232
6403
630
631
1816
3811
634
9937
9541
301
638
639
4707
3131
4360
643
644
645
1627
9712
7879
7498
1783
9040
652
653
5543
655
656
4539
658
659
660
661
662
1187
5492
3326
1669
667
7899
3125
8678
2285
8200
175
540
279
1456
8658
678
679
680
681
4732
4675
1831
5147
1463
3215
688
689
6673
691
692
693
3498
695
696
697
698
699
700
5345
702
1313
107
705
706
707
799
9151
1663
50
712
713
870
5378
8928
717
3395
719
720
721
722
9917
724
725
72
1651
728
729
4931
731
8935
733
559
4273
736
737
738
739
740
741
742
743
744
745
59
4780
7306
749
6478
4928
752
6943
5283
755
756
757
758
759
760
6725
762
357
974
5785
9569
767
4604
6694
770
2464
7242
562
4558
3218
776
1676
778
779
780
97
782
783
9042
7760
786
7670
788
8439
790
791
792
7667
9643
378
796
797
798
8316
800
4721
802
803
4823
3589
806
373
808
809
6890
811
812
813
814
815
1480
8574
7097
819
2979
4478
6267
6810
824
825
826
3885
1801
1562
911
3016
381
833
834
835
2239
1452
7643
369
840
841
842
4508
9578
845
846
847
848
5462
850
851
852
6784
854
1775
7576
198
1260
859
6282
5679
7759
718
864
8690
8448
1972
2998
5044
714
6501
872
507
7629
875
876
877
1896
967
7674
881
882
5282
295
885
3886
6213
888
889
890
5745
1238
7988
894
5456
896
2501
5975
3406
900
901
836
903
904
905
4651
2026
9428
8566
910
3422
912
913
7886
8399
1893
917
7339
919
7068
921
3989
923
1234
925
4121
927
8208
929
512
8427
932
2334
934
2063
936
937
938
4340
940
941
8369
5241
944
3837
673
4265
948
9087
950
951
146
5085
954
955
956
3730
2665
4255
4667
961
8455
963
964
5528
8622
879
6901
4362
970
3390
7782
973
764
9024
6044
977
9823
979
6322
981
5569
7297
984
985
986
4217
988
510
8777
991
5537
7630
994
995
2775
997
998
999
9971
1290
9434
6128
9519
1005
676
1007
1008
6028
5879
3617
1012
4580
1014
251
7739
9604
1018
593
7208
5039
9501
3959
3438
1025
6528
1027
7323
1029
1030
8135
3860
1351
1034
1035
1036
5584
8186
1039
1040
1041
5029
1043
1044
240
2348
8624
1048
1049
1050
1051
9027
1053
1054
4117
7539
6553
7939
4200
1060
4865
4993
1063
1064
7676
8868
1067
1068
9375
6607
6365
1072
1073
1074
4487
9945
9271
1078
6502
6686
5108
1367
1083
1084
873
1215
3583
5780
829
1090
1091
4724
1093
1094
1095
1096
1097
1098
1099
3132
958
1102
1103
1104
8324
8850
1107
1108
8185
1110
1111
1112
7442
980
1115
6817
5208
8974
2973
1120
4053
1270
5095
1124
8474
1126
1127
1128
4926
1189
1131
311
5690
51
1248
3882
2961
1138
5555
9477
124
9018
7039
184
1145
1146
1147
1148
5092
9622
6574
1152
7515
1154
1155
8238
7582
1158
3869
6486
9175
1162
1163
7245
1165
1166
1167
8284
5226
5638
6599
7446
1173
5968
1175
4797
1184
3296
7794
1180
5958
6641
1183
716
9421
1186
1544
9846
9
5249
2427
9196
1193
1137
1195
1196
1197
9208
9888
5071
6648
1202
1203
4322
1205
1206
1207
7995
1209
1210
1211
1212
5385
6295
1086
1216
4893
1218
2401
2025
1221
1222
9233
1224
3986
1527
1227
5401
6197
4103
2831
1232
416
924
6827
9662
1237
3605
1239
3661
2773
8464
2723
3632
1687
9342
1247
1135
1249
7491
4760
6925
2193
6335
1970
2792
1257
6218
4569
3315
1261
4092
1584
8650
1265
6645
1267
8231
365
1795
2942
2795
3723
1895
5218
1276
7399
1278
7906
1280
1696
1282
1283
1284
1285
2778
1287
1288
4194
1001
8769
3205
8034
1681
1295
4603
2038
1298
1413
9906
1301
1888
3598
1304
7313
1306
3063
1308
9091
1292
1311
9516
9210
1872
1315
1316
202
3037
6652
7866
1321
7034
1347
1324
1325
3793
2674
87
9262
4633
1331
1332
4862
7182
7065
5177
2309
6968
1339
1340
1713
6069
1343
1344
6134
8955
9335
1348
1349
1350
3230
1352
4983
1354
1355
2639
2919
5526
1359
1360
3902
1362
1363
1364
1365
1366
2576
3709
6583
8669
2345
1372
3087
1374
8303
8242
1377
1378
2863
1380
1381
1382
1383
6151
1385
6952
9742
6190
1389
1642
6663
1392
7865
1394
1395
1396
1397
1947
3276
1400
1401
1402
1403
1404
1405
4021
6115
1219
9339
5937
2197
1892
7657
1414
1415
1416
4386
9709
1419
9460
2937
1422
1423
1424
1425
1426
4921
5009
1429
1430
4373
5857
1692
3301
9075
1436
6299
7235
1439
1266
5820
1442
4247
2203
1445
1446
4775
2442
1449
1450
2081
9459
3044
1454
1455
9626
6735
5224
1459
5529
233
9164
686
1464
1738
7164
2755
1468
1469
4696
1471
1472
3847
1474
8548
5007
7654
1478
1479
8867
8485
1482
157
1037
1485
1486
6727
9557
1489
1490
8124
1492
7420
173
1495
1725
1497
4974
1499
1500
5553
1502
1965
1504
1505
1506
1507
1149
1509
4747
9567
4054
1513
1514
6861
1516
1517
664
1519
1520
6014
1522
1523
5533
1525
6421
1226
865
1258
1530
1531
1532
1533
8405
1535
1536
1537
1052
5927
9011
1973
2057
1543
663
3030
3297
1547
1142
1549
8062
1665
1552
1553
1554
1555
1556
1557
1558
1559
1560
3533
8842
6474
3704
1565
4361
423
6519
1569
9868
1571
1572
1573
675
2496
616
7468
1578
1579
1580
1581
6547
1583
7913
1585
1586
1587
6495
1589
208
1591
4866
1593
1594
4328
9856
8737
9068
1599
8988
3168
1602
8049
8784
1605
2991
1607
2705
6053
6412
1611
1612
6076
1614
1615
7985
9124
1618
1711
4011
1621
1622
9442
1624
1625
6177
2013
6860
4515
1630
7117
2560
55
1634
1635
1636
1637
7220
1639
3070
4423
9229
4151
1644
1645
9294
6210
1648
8956
9527
7647
8246
2397
1654
1655
1656
1657
4401
1659
1660
4096
7384
710
5661
926
1666
7175
1470
8896
1670
1671
1672
5603
9609
1675
777
1677
7617
3479
9305
4963
4357
1683
5566
5216
1686
6104
1688
8644
2494
1691
9766
1693
2489
1047
2661
8934
5554
3952
4932
6660
1702
1703
207
8400
1706
5397
1708
1709
9422
6030
1712
3963
8829
8874
6732
1130
1718
9576
5202
8564
2016
2482
1724
9456
5259
1727
525
1729
1730
3530
3214
1733
1734
945
1736
3374
1465
1739
1740
1741
4393
1743
9192
1745
9102
8175
1748
1749
1750
1751
1752
1753
3058
1755
754
418
8651
1759
1760
5434
1762
1763
880
1765
7167
8843
2375
1769
1770
1771
1772
1773
2330
855
4378
1777
1778
862
8522
4242
1782
4596
9974
3633
1786
6170
1788
2310
9746
1791
5685
1793
1058
8420
3398
4131
4832
1799
6776
94
4562
1803
9425
1805
2240
429
67
1809
1810
1811
1960
4534
2143
1815
632
7965
1818
8596
965
1821
1822
8426
1824
3229
1826
1827
4203
1829
6552
839
1832
2278
1834
1835
1836
4091
3221
1839
8269
89
6822
8151
6984
1845
9624
1606
1848
9701
1850
1851
1852
6027
1109
4980
6312
9317
4214
9006
5895
1861
1862
1198
3797
1865
1866
1867
1868
1869
8026
6745
1314
1873
8383
4259
4106
9583
2004
1194
1880
481
1882
7256
1884
6321
4585
1887
229
3675
1890
457
1412
2518
159
426
8594
1897
1898
106
1900
3535
1902
1903
1904
8133
1906
1907
1908
1909
1910
1911
7514
1913
3281
1915
1916
1917
6178
1919
6434
1921
1922
4486
1924
1017
7771
4703
1928
2422
1930
6328
1932
6506
1934
1935
1936
1937
4355
1939
466
7761
1942
2578
1944
1945
1946
1398
8718
9694
1950
5732
1952
1953
1954
1955
2311
4458
2990
1959
2736
1961
1697
1963
7192
1503
6498
1967
8480
8182
3646
1971
7005
1541
1974
1842
9205
1977
1978
1979
3977
8526
2822
227
8967
1985
1986
1987
1833
6582
6728
1991
9751
6120
1994
1995
9949
1997
1998
3653
8470
5998
7602
1891
1878
2005
3399
2007
2008
2009
2010
2011
2012
646
2014
6809
1031
4640
2018
9674
8528
9443
5696
2023
5088
1006
5441
1004
2028
6951
9650
2031
2032
1610
2034
2035
2036
2037
6974
2039
2040
7698
7229
1245
9218
9710
2046
2065
2048
2049
2050
9799
6135
2053
3484
2055
2056
1542
2827
2413
7457
8615
6174
1629
2064
9046
2066
4417
2068
6740
2906
2071
2072
4663
2074
5585
2076
2085
4868
2993
4098
1451
7386
2083
3086
3846
8838
2087
2088
8042
9083
2091
2092
9066
2094
2095
2096
6828
2098
2099
2100
2101
606
2103
7909
3508
2106
5257
2108
2109
6961
8721
5560
628
2114
2115
4039
1949
2118
5765
534
3595
2122
2123
2124
2125
2126
3081
9002
2129
2130
6234
9379
2133
2134
2265
7787
1192
2138
2139
2140
73
2142
1814
2144
2145
1157
8577
9401
6612
2150
2151
2152
7942
2154
2779
2156
2157
2158
9303
2160
5997
2162
2163
7796
5989
2922
5418
2168
2169
2170
5377
2172
1668
2174
2175
2176
9943
2178
2179
2180
2181
2182
6682
2184
5131
3091
2886
8728
6700
2190
2191
8139
1253
7499
2195
2196
1273
2198
6380
7224
2201
2202
1444
7102
2205
2206
2207
2208
2209
2210
2211
6870
2213
5976
2984
2216
4656
3818
2926
2220
2221
1277
7184
8924
2225
2226
5264
4204
2229
2230
2231
9529
2284
2234
2235
2236
2237
383
5291
2527
7752
2242
2243
2244
7554
3346
2247
3302
2249
3295
4704
2252
4424
2254
1792
2256
6882
3822
2259
517
4033
2262
2263
2264
2283
3724
4258
2268
2738
2515
8672
9341
2567
2274
9255
6327
7186
816
8322
2280
178
2282
8295
2233
671
2286
6431
4046
2289
2290
2291
1483
2293
2294
2824
2296
2799
9137
4779
2300
2301
2302
2303
2304
2305
9127
2307
6734
3148
8774
5310
3161
4689
2314
6033
2316
1484
2318
2319
7430
2321
2322
2323
2324
5304
2326
2860
2328
2329
9757
7777
101
7689
7603
1488
2336
5292
2338
6072
4987
3325
2342
1604
2344
9525
7588
3239
1046
591
2350
2351
2352
2353
2354
2355
5799
3807
4984
2359
9088
2361
2362
2363
2364
2365
7045
2367
2368
2369
8507
4587
3620
2373
6780
3382
4015
6467
2378
2379
2380
2381
2382
149
2384
2385
3176
7228
7548
8092
2390
3420
6720
8908
8198
5315
6355
1653
8498
2399
2400
5815
3137
8039
8023
2405
2406
9055
2408
5195
2410
2941
2412
2499
2414
7729
2416
2417
2418
5186
4996
7915
4075
3459
6362
2425
2426
5623
7616
4069
2430
2431
2432
6696
2434
7223
2436
2437
2438
2439
3073
3523
821
2443
4430
8381
2446
2447
2448
5457
9795
8184
2452
2453
4125
5487
2456
2457
1269
2183
2460
584
2462
4882
1756
2465
2466
3171
2468
2469
108
5891
2472
2473
2474
1181
1011
4929
2478
2479
2480
8144
6754
7481
2484
2485
2486
2487
2818
1388
2490
4757
2492
9654
1690
2495
9194
2497
9640
5056
2500
897
7249
677
2504
7862
2506
2507
9599
2509
5344
2511
2512
2513
3245
1333
8514
2517
916
2519
4735
2830
2522
6514
2524
3335
196
3978
4582
2529
8137
1864
2532
2533
307
5872
2536
2537
2538
6251
2540
2541
6758
4714
4468
1613
8268
1289
4105
2549
2972
4685
2552
3286
1329
4499
6400
2866
2558
2559
1632
2561
8830
2563
2849
2565
2566
4232
4199
2569
2570
2571
2572
2573
2574
2575
5228
2577
4174
2579
2688
2581
5669
2583
2584
5341
5497
2587
2588
2589
2590
2591
7404
9861
2594
2595
2596
2597
2598
7477
2600
2502
5826
2603
2604
2605
2606
3013
2608
2609
7717
2611
3414
7138
2614
8112
2616
3007
2618
2619
5045
2621
2602
8261
2624
2625
2874
2627
2628
2629
2630
1951
8069
2633
2189
3464
9354
6535
2638
5391
4904
2641
5854
8423
2644
2645
6437
7660
8218
2649
6675
5371
4080
2653
7943
1597
2656
2657
8763
7821
2660
9807
2662
2663
2664
6523
3800
5365
7402
2669
2670
1538
2672
2673
1327
2675
8726
6331
9687
2679
3369
8380
2682
2683
2684
2685
3703
9472
2580
2689
158
5885
2692
2693
9466
1879
2696
2697
4510
2699
2700
8835
2702
8468
3997
7986
2706
6464
2708
2709
2710
2711
9511
2713
7461
2715
2716
2717
1680
4658
4051
2721
2722
1243
2724
943
7708
2727
2728
2729
8945
2731
2732
8093
4190
7850
8578
7273
7338
2739
2740
2741
7644
2743
2744
2745
2746
2747
7243
2749
2750
8990
8513
2640
2754
6186
1241
3362
4925
2759
4909
5432
2762
8778
5587
468
7902
2767
2768
2769
9522
892
3841
6944
5175
8833
9008
3623
7464
7268
3158
2781
5599
2783
5439
2785
2786
2787
2788
2789
2790
7568
1256
2793
2794
1272
9695
2797
2798
2297
7345
2463
2802
1435
5914
1804
2806
654
5399
7655
2810
2811
2812
2828
6230
2815
7347
957
2678
4838
2820
2821
9508
4978
5671
528
4371
5925
7090
2829
2521
1231
7011
2833
2834
2835
5293
2837
2838
2839
2840
2841
2842
2843
2844
2845
8573
2847
5718
2714
7919
6160
7466
2853
2854
2631
8402
2857
9570
2859
2327
8149
2862
9681
6597
2865
5424
2867
2868
610
2997
2871
2872
2873
2186
4833
2876
2877
2878
8576
2880
8215
488
8814
4700
2885
2187
2887
2888
2889
7062
2891
2892
2893
2894
622
9221
2897
8188
2899
2900
533
6393
2903
2904
4566
2070
6886
2908
2909
1407
2911
2912
9956
6297
9382
2916
2917
377
781
2996
7131
9447
2923
2924
2925
9298
2927
5894
9825
9899
4166
8783
2192
2934
7890
2936
6763
3039
8264
2940
4890
9069
8306
2944
2945
2946
9515
7322
2949
5349
9910
2952
2957
2954
853
2956
2953
2958
2959
6739
9161
2962
9884
54
6377
2966
60
2548
2969
2970
5421
2550
5478
4284
6279
2976
9504
2978
1185
2980
7362
5508
5829
2215
5074
1785
9648
2988
2989
1958
4545
2992
6444
2994
2277
8223
5540
868
2999
7905
262
6936
3003
4079
3005
9756
7194
7055
8111
701
8567
608
2607
3014
4547
3670
6011
6192
180
3020
3021
2080
3023
3024
3025
3026
5770
1443
3029
7413
6442
3032
3033
3034
8460
3036
2481
6067
2938
6895
6883
8653
3094
5442
9972
9227
3047
2832
3049
3050
3051
4758
3053
3054
5222
4352
3057
7025
3059
3060
3061
8356
1307
3064
6112
8652
8960
3068
3069
1640
3071
3072
2440
7094
7380
2067
3077
3078
3079
5943
2127
8563
3083
1726
3085
2084
9122
3088
2765
3755
2626
3092
1353
6271
3095
3096
3097
3098
6202
8392
9094
747
3103
5606
3631
3106
172
3108
3109
7592
3111
4297
3113
9827
6902
3116
5003
883
7417
1758
6799
3122
3123
3124
1956
1847
7599
7247
3129
4024
1015
8046
1208
3134
3135
3136
5678
3138
4712
3140
7109
3142
8220
5246
2931
5822
3147
1337
3149
7308
3809
3152
9193
3154
3155
5950
3157
2780
9186
8820
9265
434
4629
3164
8979
330
3167
1601
1448
3170
7411
3172
3173
7586
3175
2386
3177
3178
8904
3180
3181
3182
9038
5263
3185
1619
3491
3188
8155
2188
3191
4711
2654
7693
3195
3196
3197
6588
6337
7132
3201
4855
2726
7725
828
3206
3207
4776
837
3210
2275
8355
3213
4296
687
3216
4901
775
3219
3220
8241
3222
2753
4363
5506
1511
1885
3228
1825
1033
6613
3232
8286
3234
5469
8020
3237
3238
8183
773
3241
6227
2073
3244
2514
3246
3247
6632
3249
3250
3251
6921
3253
2349
6891
2461
3257
8377
7379
3260
3261
7983
8281
2027
6074
3266
3267
4144
3084
3270
3271
3272
3273
8265
3275
5270
7233
9841
3279
8067
9767
3282
3947
3284
3285
7540
3287
8590
3289
2632
9532
3292
3062
8104
2250
1178
9098
3298
3299
7546
130
2671
6106
321
2107
3306
4244
9007
3309
3310
1275
3312
3313
3314
4610
9798
3317
556
8861
7911
832
7057
3323
5571
5848
1274
3327
3328
2535
3330
5908
3332
3850
7770
7887
3336
6015
5901
3339
7534
4180
4514
9225
3344
3345
390
3347
3348
8077
8116
3586
3352
3353
4112
8980
3356
3357
3358
5502
3360
3361
3473
3363
3364
1652
3366
3367
3368
5104
4008
3371
23
4414
5945
9881
3316
3377
4094
5047
6340
732
1768
8378
3384
3385
4302
4883
3388
4029
971
3391
3392
9044
3394
496
3396
5296
7651
370
3400
3401
5289
3403
5758
3001
5751
3407
3408
3409
3410
3411
3412
3413
2612
6853
5624
5381
7808
3419
5372
987
1742
3423
2177
3425
3426
3427
3428
3429
3540
3431
1477
9632
3434
3435
3436
3437
7908
2985
3440
3441
8898
7730
2505
3445
5014
3447
3448
3537
5398
3451
9898
4299
3728
5590
3456
5481
5907
2423
1417
6149
3462
3463
6897
7162
3466
4852
3468
90
5495
8637
1302
5582
9921
3475
9736
8628
7799
5096
3480
3481
4149
4889
2054
3485
3486
3487
3488
3489
5414
3187
1070
1259
3494
992
4087
3497
4506
3499
1508
3501
3502
3503
3504
3505
9957
3507
8450
3509
3510
473
3512
4583
3514
3515
5871
3517
9900
768
5942
3521
3522
2441
3524
563
4289
8982
3528
3529
6415
3531
5137
6494
3534
9283
4023
3449
3538
3539
3430
2585
3542
3543
6379
3545
3546
3547
7967
7232
9782
3469
1161
3553
3554
5306
3556
9329
6358
3559
8876
3561
3562
3563
3564
3565
5350
3567
5437
3569
3570
3571
3572
3584
3574
5830
9683
3577
5547
3579
3580
3581
3582
1087
2132
4523
3351
8375
3588
7922
3590
3591
8516
3593
9132
4624
3596
2313
858
7715
9328
5754
5351
8681
3604
3660
8016
3607
3608
7149
3610
9958
9772
3613
9553
7026
8729
7350
9001
3619
2372
6201
3622
2777
3624
3625
3626
3627
8808
3629
1433
9939
9005
8094
715
3635
3636
6281
3638
4738
3640
3641
4163
3643
3644
8880
8258
4677
3648
1996
2547
206
3652
1999
3654
8351
9133
3657
3658
495
7555
459
3662
3663
9817
4113
9000
4034
4090
3669
831
3671
3672
3290
3674
1889
3676
4528
3678
3679
7836
4239
3682
3683
3684
3685
6650
899
3688
148
3690
3691
3692
3930
3694
3695
5704
3697
3495
572
6031
6867
684
2686
1564
3705
3706
3707
4577
2734
4749
3365
6907
3713
9352
3715
3716
8147
5539
3719
5360
3721
3722
5338
2266
4923
3726
5454
3454
7418
2737
3731
3732
3733
6579
8785
9250
3737
5060
3739
3740
7295
3742
3743
3744
4481
3746
3747
3748
4902
9743
2975
3833
3753
2024
5980
3756
3757
3758
3759
7401
9351
1296
3763
3764
1993
3766
1140
3768
3769
2147
3771
3772
3773
6320
3775
3776
3777
1300
3779
3780
3781
3782
2883
3784
3785
3786
2586
2451
9138
3790
4307
996
1326
4056
6967
3796
8798
830
3799
7408
3801
6003
6715
3804
3805
3903
2357
3725
7532
7625
2493
3812
3813
3814
3815
3735
4073
7465
4768
2391
9155
2258
4193
3824
3825
3826
3827
3828
3829
3830
3831
3832
3752
3834
1966
3921
9184
3838
8998
3840
2772
3842
4565
3844
3845
1019
7817
316
3849
7409
3851
6246
3853
4505
5750
3856
3857
3858
3859
1032
3861
2161
3863
506
3865
3866
3867
5054
1943
3870
3871
7293
4038
3874
3875
4000
3877
9987
960
5459
5256
4126
3894
293
9927
886
3887
3888
3889
3890
5392
5031
3893
8766
7987
6690
7082
3898
3899
3900
451
1361
7383
5062
2337
555
4894
5474
3909
3910
3911
3912
4949
3914
2060
3916
2212
3918
3919
3920
8412
8803
3923
285
3925
3560
7353
3928
7113
3788
515
8642
6680
4470
7788
3936
3937
3209
3939
3616
3941
3942
7445
3944
3945
2374
3283
4498
3949
3950
3951
3599
7745
273
4914
3956
3957
3958
4867
4809
3961
6065
7135
4421
9724
3966
2370
3968
3969
3970
3971
2137
9786
3974
9828
3976
1980
6877
3979
1715
7574
9471
5551
3984
3985
1225
5309
4291
922
1981
5209
8374
3993
84
6166
7001
8454
976
3999
7264
4336
127
3960
3526
4005
4006
8326
6
4009
7980
7632
4012
4013
2677
2376
4016
4017
4018
6333
4020
6667
4022
6756
4208
4169
8087
324
4028
609
1342
2165
4032
9802
3667
4035
4036
3256
3873
2116
4040
4041
891
6581
2531
1650
2288
9340
3120
4049
8413
2720
8711
9980
8395
4055
448
4057
4058
7426
4060
4061
6971
6381
1731
6144
5189
3905
4068
915
4070
4071
17
4613
4074
1929
4076
3835
4078
7724
7712
9107
3895
4083
4084
1250
4086
3496
5480
9993
2676
2503
4031
3527
9843
4095
8676
2346
7968
4099
7359
4101
7226
1230
4104
2968
2077
210
6759
1779
4110
5824
3354
1076
4114
4115
4116
1055
4118
3711
4849
7145
7027
6592
4124
2454
3421
312
4128
4129
4130
952
8951
4133
9309
4135
4136
2650
7463
4139
2858
4141
8296
1721
3268
1722
7793
3159
9547
3482
2520
7254
9555
4153
4154
7958
5882
6638
4158
4159
4160
4161
5408
3642
3146
7096
6887
4167
4168
6471
4170
1938
4172
4173
4555
4175
4176
4177
4178
4179
3341
4181
5684
4183
4184
4185
3907
6843
7557
4189
657
4191
6221
1662
3650
9885
9836
4197
4198
6347
6290
1003
4202
7929
2228
4205
4333
4207
4611
7856
4210
6500
7671
4213
1858
3680
4216
6637
4218
6531
4220
5496
7282
4223
4224
6459
4226
3806
4228
4229
4230
4231
2273
3656
2317
4235
4236
8176
6080
3681
4240
8048
1781
8554
4406
4245
4246
8282
4248
4249
6983
9816
4252
3461
4254
959
4256
5628
2267
1875
4260
5230
4262
4263
4264
947
4500
2090
4268
4269
4270
4271
4272
4822
6723
4275
4276
4277
4278
4279
4280
6683
4282
4283
2974
4285
4286
8800
8762
633
4290
8437
4292
5545
4294
4295
5761
168
9293
2718
4300
4301
6286
4303
9464
7953
4306
7187
6664
4309
4310
4311
4460
7924
4314
4315
4215
4317
4318
4319
1236
4321
1204
866
4324
4325
4326
4327
1427
4329
4330
4695
4332
2241
4334
7579
5660
192
4338
6659
939
1948
8192
4343
4344
4345
4346
4222
4348
9634
4350
4351
3056
4353
4354
3855
4364
7710
6800
4359
642
1566
969
3224
4641
4365
4366
4367
6839
4369
4370
2636
2613
1431
4374
4375
4376
4377
8761
1844
4380
4381
4382
1598
7994
4385
8823
4387
5494
4389
4390
5112
1969
6136
4394
7635
4396
5335
6899
1837
3734
1658
3879
4403
4404
4405
3307
7371
4408
4409
554
4411
68
4413
7334
2128
7342
3765
4418
4972
5396
2807
4422
1641
2253
4425
4426
766
4428
8299
7966
3996
4432
4433
4434
4435
3150
3227
6224
4439
4440
4441
4442
4443
4444
4445
1062
7250
4448
4449
9659
4451
4452
4453
6360
8089
4456
4457
315
4459
8473
4461
8583
4463
4464
4465
405
5727
3402
7368
3934
4471
4472
4473
6225
4475
6408
4477
3169
7763
6361
9714
9399
8393
5843
6180
9356
1075
1077
4489
7105
4491
4492
3906
5515
4495
4496
4497
3331
5531
6829
4501
4502
1136
1475
3854
1988
450
843
3397
2698
4511
4512
4513
844
8102
4516
4517
4518
4519
4520
4521
7190
287
4524
4525
4526
4527
6428
4529
3405
4531
9960
1881
1813
4535
7522
4537
4538
5200
7467
4541
8724
5262
4544
2260
4546
3015
4548
6511
4233
4551
4716
9520
9832
6520
4556
4557
774
4559
2120
4561
2104
6738
6750
5075
9332
6642
4568
2855
8434
407
9128
4573
4574
4575
4576
7998
8436
4579
7815
4581
9982
306
5808
6567
4586
2371
6276
4589
4590
4591
2751
4593
1496
8845
650
5769
4598
4599
4600
4601
5402
8914
469
4605
4606
4607
4608
4609
1303
5797
8909
3045
4614
4615
3444
4617
4618
4619
5110
4621
4895
4623
2121
6343
4626
3573
4628
3163
4630
4631
682
1330
9641
4635
4636
4637
4638
627
8461
6289
5801
5297
4109
3992
4646
4647
2041
4649
3248
906
4652
4653
4654
4655
7196
4657
7488
7176
5008
4661
9418
1114
4664
7364
4337
4108
4668
772
4670
4671
6487
8890
1473
433
8037
3647
4678
9417
4729
6532
4682
4683
4684
2551
4686
4687
4688
1023
8510
4691
163
8863
2995
4331
8834
6164
9139
5325
8895
4701
4702
5743
9065
4705
4706
9348
7868
4709
9734
9967
9436
4713
3075
4715
1201
6007
4718
4719
494
8575
4722
4723
7649
4725
4726
4727
4728
8638
5767
4731
4632
4733
4734
2556
4736
4737
7589
8078
3810
4741
4742
4081
4744
4745
7022
1510
4748
6670
1695
4751
4752
4753
4754
4755
4756
1723
2217
2920
580
4761
8343
949
4764
5245
4766
4767
989
4769
4770
9792
5721
5347
4774
8494
8312
6549
4778
8859
2299
5936
7272
452
4784
4785
4786
942
4788
4789
3223
4791
4792
4793
4794
4795
4796
9991
4798
4799
4800
548
4802
8701
1806
4805
4806
8771
4808
4003
5562
4811
4812
4813
7975
2719
4816
1172
8911
4819
8462
8727
6356
4001
6205
4825
6075
4827
4828
8799
4830
4831
7283
5317
1038
4835
4836
8033
2819
4839
4840
4841
579
4843
4844
4845
7610
4847
8739
8971
4850
4851
9741
4853
7934
3202
4856
6566
1251
4859
4860
254
2093
8612
2539
5122
1592
1481
126
4872
4870
8099
4869
4873
4874
8446
4876
4308
4878
1013
7200
7830
8961
3387
9405
8479
5419
4887
4888
6963
2411
40
4892
4560
6416
4622
8307
5534
4898
4358
1719
3217
5100
4903
4790
289
8646
4907
5091
2760
4910
4911
9602
8357
3955
4915
6704
7720
4999
3536
6516
6468
4693
83
4924
2758
4407
4927
4620
3008
1493
730
1487
4933
4934
4935
4936
4937
4938
2870
4940
4941
4942
4943
4944
4945
7159
4085
6409
3293
5841
4951
6614
4953
2530
1440
4956
4957
4958
567
4960
2428
7860
1299
2690
7832
4966
9185
4968
8313
4970
7125
5662
4973
8421
6987
4976
4977
3881
1802
5126
3458
6024
856
2358
5307
1609
2339
9969
4989
6708
9324
6433
2082
8886
4995
3018
4997
7755
9384
5000
5001
4397
3117
5004
5005
7071
6647
4660
8424
5010
5011
5012
8253
3446
5015
5016
6489
5018
5019
2483
5021
5022
2703
7276
5025
5026
1322
5028
1042
7231
3892
5032
5033
5034
7822
5036
5037
7424
1021
5040
5041
8970
5043
5346
2620
5046
5873
5048
5049
9231
5051
5052
5053
3868
5055
2059
6894
1964
5904
648
5061
3904
4195
5064
8319
5097
5067
5982
2592
7731
1200
4913
8013
3439
2712
6888
5077
5078
5079
9793
5081
5082
5083
5084
3736
5086
7356
3754
8959
7325
2869
2455
4493
5094
4743
1526
5066
6035
7397
7847
8217
8770
5103
4077
5105
9814
5107
1081
3105
5710
935
4391
5113
918
5115
5116
5117
3687
5119
5120
8371
6385
5123
5124
3233
5956
5127
3568
5129
5130
414
5132
5133
5134
5135
5136
4072
4466
9181
1151
5141
9595
5143
6485
5145
2748
7851
5148
5149
5150
6777
5152
5153
5154
5155
8925
5157
5158
5159
5160
7396
5162
5163
6661
5165
3452
6950
8759
4507
48
5171
5172
5173
5174
2774
6187
1336
4552
5179
8790
5181
7450
5183
5184
5185
5948
5187
5188
4066
5190
5191
5192
300
5194
5080
9355
5197
5198
5199
1368
5201
2534
5512
5204
5205
5206
3467
1117
3991
5210
7494
5212
5213
5214
2069
1685
3340
6352
5219
113
5221
3055
5223
1458
5225
6868
8499
1358
5229
4261
6435
5232
5233
5234
5235
5236
109
7423
5239
5240
3052
5242
5243
5244
4384
7061
7124
5248
3995
5250
5251
2419
5253
5254
5255
2823
3305
5258
3269
5260
5261
4543
6438
7590
3065
439
7526
5268
1766
7741
5109
5272
5273
5274
408
9078
6802
5357
5279
5280
5281
9270
771
8983
5285
5286
5287
5288
5111
8666
3019
9096
8757
7864
5295
8279
4643
4679
5299
5300
5301
189
5303
2325
9219
3555
6594
5308
5035
6985
5311
5541
5313
7801
5337
1071
2875
5318
5319
5842
5321
3333
5323
5324
6268
5326
5532
1838
5329
6249
6989
5332
5333
5334
3277
5336
3022
1411
2901
5340
1870
5342
3304
8625
3010
5589
7271
5348
4251
3566
3602
1016
5353
5354
5355
5356
5278
5358
9693
7019
5361
5362
5271
6445
5006
1010
5367
5368
5369
5370
4662
3370
5373
5374
5375
384
6585
9879
5379
9815
6097
5382
5383
5384
1213
5386
5387
3042
5389
5390
4388
1214
5440
7521
5395
4420
1707
3450
2808
5659
1228
7449
6241
6719
5405
5406
6559
4162
5409
5410
5411
5412
5413
3490
5415
5416
325
8889
4886
5420
3973
5422
5423
9323
5425
5426
9254
5428
5429
9021
5431
7234
5433
1761
5435
5436
7791
5438
2784
5393
3133
1271
4692
8495
5445
5446
5447
5448
5449
587
7037
3839
9834
427
5455
895
9768
5458
3880
446
5461
5667
5463
5464
5465
5466
2801
5468
9796
5470
5471
5472
4708
3908
5475
8187
375
9523
5479
4088
7139
5482
5182
5484
9954
3121
807
1667
5489
282
5491
9880
5674
3933
3470
4221
3787
8232
5499
5500
5501
4532
5503
5504
5505
8417
1002
2982
5509
9023
5511
2047
5513
5514
6701
5516
5517
7757
5519
4342
7335
9605
8656
5524
5525
1082
5527
5407
4509
5530
2555
2194
8052
5953
6938
5536
3698
9381
3718
5024
5312
9655
8919
5544
7723
5546
5467
5548
5549
2402
8855
5552
5645
5167
29
5556
9719
187
5559
2112
9275
4810
1649
5564
5565
1684
5567
5568
247
5570
3324
7904
7714
5574
5575
5576
4225
5578
9383
5580
5581
9591
5583
9216
2075
3035
2764
5588
7275
3455
5591
574
5593
26
5595
2918
5597
5598
1345
5600
5601
5602
5762
5604
5605
270
5607
5608
2449
6125
261
5612
5613
5614
5615
1849
5617
5618
5619
5620
8130
8923
6517
3416
4967
5626
5627
1843
1391
4920
7215
5632
5633
5634
5635
5636
6261
6610
5639
6630
386
5642
7692
5644
2933
5646
7738
9478
3594
5650
5651
5652
5653
5654
9439
5656
5657
5658
7874
804
1664
4212
8929
5664
5665
7561
849
5668
8505
2655
617
5672
5673
5493
5675
5676
5677
8937
861
5680
5681
5682
5683
8114
5359
5686
6280
5688
5689
1133
5691
5692
5693
5694
5695
6993
4148
1125
41
5700
3693
5702
5703
2964
7015
6101
5707
5708
226
3476
1242
7641
5713
5714
410
5716
5717
8538
5719
5720
6132
5722
2171
6762
5725
5726
4467
5728
9585
5730
8459
6140
2816
3762
5594
5736
3500
5738
5739
7881
314
5742
2907
5744
6622
5746
8560
5906
463
694
4402
5752
7111
6714
8894
7687
1989
3404
8665
5760
769
1673
3141
5764
2119
5766
21
9390
8756
3027
5771
4219
5773
5774
5775
1255
5777
5778
8853
1088
5781
570
5783
5784
6684
5786
9492
5788
5789
2458
7252
3118
5793
4102
5795
6275
6536
5798
5833
5812
2477
5802
5803
5804
5805
5806
1800
9594
5809
5810
5811
5800
5813
5814
1408
1700
8174
1461
3089
9279
5821
8826
6781
2429
3606
2622
5827
8060
9252
3575
5831
5832
2356
7327
8463
7031
9253
5838
5839
5840
8679
5320
3199
5844
5845
5846
5847
9607
5849
5850
5851
6193
5853
2022
5855
5856
1432
5858
5859
5860
5861
5862
5863
1132
6655
5866
539
5868
5869
5870
3516
3329
4146
5874
5875
5876
5877
5878
5366
5880
5881
4156
9761
2281
9082
7513
4896
1406
5889
5890
3541
4089
6456
9247
9043
6146
5897
5898
5899
5900
6820
5193
7161
2
9146
5748
2320
6038
5909
5910
290
5912
5913
5520
8131
5916
5917
5918
5919
5920
3820
5922
2701
5924
7312
668
8080
5928
5929
7502
9366
5999
5933
5934
5935
9136
1410
5938
5939
5940
5941
2409
8722
5944
7405
5946
5947
8140
5949
2921
5951
7969
4897
5954
5955
9550
5957
4746
5959
5960
5961
5962
9320
5964
5965
5966
2148
1174
5969
4048
5971
7591
5973
5974
898
2214
5977
6373
3350
9867
5981
5068
5983
8916
5985
5986
5987
5988
4815
5990
9705
5992
5993
5994
5995
6010
5926
9280
2222
3965
6001
6002
3802
6004
6005
6006
9732
6008
8038
2333
3017
6012
6013
1521
464
962
6017
6018
6019
6020
6021
6022
6023
4982
6025
3915
1853
1009
6029
6070
9481
6032
6550
9419
5098
3460
4880
7609
4196
7992
6041
6042
1633
8148
2929
6046
6047
4570
8852
6050
6554
6052
3274
8216
435
7870
3179
6058
6059
6060
6061
9274
6063
6064
4257
6066
4298
6068
4030
6410
260
3320
6073
3265
4826
9838
8856
6363
2634
9019
7639
6082
8639
6084
6085
6086
6087
6787
6089
6090
6091
6126
6093
8693
6095
6096
6259
6098
6099
4947
7185
6102
6103
2043
1105
8539
704
6108
6109
420
6111
5265
6113
6114
3139
6116
6117
6118
4288
3311
7652
9266
6123
6124
5749
6713
6127
6330
753
6130
6131
4772
372
1561
8159
3798
6137
6138
6139
3376
9770
3843
6143
8633
6145
5896
7172
6148
7301
6150
1384
6152
1223
6154
8491
516
6157
6158
6159
4807
7706
358
6163
6718
6165
2475
6167
8497
6222
727
6171
6172
8368
7781
6175
6176
9467
1918
6179
4485
6181
1732
6183
6184
9963
8305
5176
6188
6189
3011
6191
2420
5852
8006
1737
6196
6247
4419
6199
4961
3621
8466
6203
6804
4824
6505
6207
6208
6209
4625
6211
6212
887
6947
6215
6216
9180
5610
6219
2498
4192
6169
6223
1855
4474
6182
878
4399
561
8812
7255
6232
8177
2131
6235
6236
6237
6238
7460
482
7912
6242
7530
3160
6245
3852
8571
8072
4783
6250
1628
9420
6253
2914
6255
6256
6257
9984
218
9833
3770
382
7361
6264
1177
6266
822
4699
6269
6270
6619
6272
6273
6274
5796
4588
5892
6278
3751
5687
3637
8290
6283
6284
8095
4781
9731
6288
4043
1059
1379
8320
6293
5622
1518
6296
6254
6298
425
1808
6301
6764
6303
6304
9067
6874
7443
6308
6309
6310
9663
1856
6313
6314
5207
6316
6317
542
6319
7480
2238
7134
6323
6324
9932
6326
2276
5042
6329
8191
4437
6332
666
6334
1701
9465
4484
6338
8063
3821
6341
6342
4955
6344
6345
6346
6194
6801
6349
6350
4965
5170
6578
6354
2396
2528
6239
8005
6359
4454
4480
5072
8337
1309
5316
7923
6367
3378
6369
1883
571
6372
1679
3645
6375
6376
12
6378
3544
2199
4063
6382
6383
7452
1061
3319
9048
3300
2001
6390
3792
6392
2902
6394
7024
4312
6397
2111
6744
5663
6401
8032
191
6404
6405
6406
6407
4047
9765
1807
577
607
6413
6414
4064
4186
6417
6418
6419
3165
5978
6422
6423
6424
6425
6426
7733
3677
6991
6430
354
6220
303
1920
5231
7918
9500
6491
1317
909
222
982
43
2079
7736
6446
6447
7280
6449
6450
5952
6452
4595
456
6455
5893
6457
6458
5577
6460
6461
6462
6463
1156
6465
6466
2377
4042
6469
6470
1714
6472
6473
9311
6475
6476
6477
6611
6479
7894
9850
6482
6483
3144
5144
1160
3189
6488
8558
8963
6668
9521
2637
6427
1588
6496
6497
7421
9601
8947
871
1079
4436
6504
6206
1933
6507
110
6509
6510
1643
3917
6513
2523
6515
7165
5586
9959
1568
3665
6521
6522
8844
6524
6525
6526
6527
6443
6529
3443
4918
4681
6533
6534
1796
6000
6537
3972
6539
6540
6541
5787
6543
6544
6545
8396
1582
6548
4777
3225
6499
2086
1057
6051
6555
6556
7570
6558
1820
6560
6561
6562
6563
6564
6565
4857
1886
7844
6569
6570
6571
6572
9904
4905
6575
6576
6836
6353
4400
9362
4356
13
9257
6584
5723
6586
8431
5747
9894
6590
6591
7758
6593
4985
6595
2950
7209
3727
4842
7330
185
6602
6603
6604
6605
6606
5168
6608
7559
1170
750
9702
3231
4952
6615
7144
6617
6618
9086
2232
5643
9367
6623
6624
9928
6626
6627
6628
6629
5640
6631
4650
6633
8126
6635
6636
419
8534
6639
6640
2981
9187
6643
6644
9994
6646
216
8457
6649
3686
30
1319
6653
6654
5865
6656
6657
6658
4339
1254
237
6662
5629
4877
396
4594
6121
3208
8603
6917
6671
6672
8515
6674
9003
6676
6677
7315
6679
8273
6681
2459
115
765
1710
1080
3967
6688
6689
3896
6691
6692
6693
6226
7516
2433
6697
9608
6699
4027
8084
6702
6252
4916
6749
6706
6707
4990
6709
1983
7961
8985
5759
9191
6214
6716
2097
7366
1420
2392
6721
6722
2601
1682
761
6726
5816
9965
6729
6730
6731
1716
6733
2308
1457
6736
6737
3601
5294
9114
6741
6742
6743
6399
1871
6957
6747
6748
6705
4564
6751
6752
6753
2491
6755
4919
6757
2542
3212
1085
9493
7608
1421
1370
6855
6766
6767
6768
6769
6770
8962
7319
305
6774
6775
7937
3511
6964
6779
5102
8209
6782
6783
6302
6785
6786
6088
6972
6789
6790
6791
8294
6793
6794
6795
8354
6797
6798
5486
9931
6348
4097
6803
6204
6805
9651
5648
195
7675
3795
6811
6812
6813
6315
8779
1899
1116
6818
6819
6948
1515
1975
1393
4201
8673
6826
1235
7259
4266
6830
6831
6832
6833
6834
6835
3465
9677
6838
4368
6840
7178
6842
4187
6844
6845
6846
6847
6848
6849
9964
6851
6852
3415
6854
5701
6856
6857
6858
6859
4293
7393
6862
3778
6864
6865
1603
8018
1169
6869
6512
3424
6872
6873
6306
6875
8742
5733
5967
6879
3262
9429
9224
7927
5563
6885
1927
3145
5076
6889
4979
7688
5561
6893
9684
7482
6896
2635
6898
4398
6900
968
3115
2846
6904
6905
6906
3712
6908
8743
6910
6911
6912
9076
6914
6915
7489
3710
6918
3745
6920
3252
6922
6923
6924
8492
6926
6927
6928
6929
9774
5038
7495
5779
6934
6935
3002
6937
5535
6939
2223
6941
6942
6129
3031
6945
8456
3803
5768
6949
6402
2029
1386
8222
6954
6955
6913
2257
564
6959
6960
7960
6962
4969
6778
389
6966
823
1338
6600
6970
4062
9933
445
1294
6975
6976
6977
6978
7764
611
1534
6982
4250
4379
1790
6986
4975
6988
5331
6990
7490
6992
6717
6994
9715
6919
6997
6998
3714
25
3701
7002
7003
4567
867
9940
7047
7008
9016
7010
3048
7012
7013
8007
7419
7016
7017
3174
8903
7020
7021
4954
7023
6277
8600
3615
4122
5735
8359
7030
2986
7032
7033
7004
7035
7036
5451
3046
1143
7040
7041
6538
7043
7044
4592
975
5782
7048
7049
7050
7051
7560
7053
3592
4642
5794
3322
7058
7059
7060
8786
2890
5388
7064
9804
7066
8347
920
7069
7070
9084
7072
7073
7074
7075
460
7077
7078
7079
7080
7081
3897
7083
7084
7085
7086
7087
7067
7089
8995
7091
7092
735
3074
7095
4165
3380
7098
827
7100
7101
2204
7103
7104
4490
7106
7107
7146
7792
7110
5753
2951
3929
7114
7115
7623
1631
7118
6850
4740
7121
7122
7123
6243
4971
7126
7127
7128
7129
7130
2393
3200
7133
5737
674
5884
7137
8840
1780
7140
7141
7093
7143
6616
1841
486
7147
7148
3609
7150
7151
7152
7153
7154
9349
7156
69
7158
4026
7160
9299
6577
7163
7957
5630
199
362
7564
2730
7170
7171
6147
7173
7174
9611
4659
5867
6773
7179
7180
7181
4395
5327
6940
5706
1563
2360
7188
7189
4522
7191
2965
9154
3628
7195
2725
9703
7198
7199
7332
9412
7202
908
7204
7205
7206
7207
3791
2864
7210
7211
7212
4243
7214
9359
7216
7217
5450
6395
1638
5970
7222
2435
2200
7225
9092
550
5550
2042
7230
5284
3549
5002
2761
1438
8860
7237
7238
7239
4143
7241
6503
5146
7244
8689
7246
4787
7248
4274
1577
7251
5791
7711
6287
9897
1139
7257
9610
2642
7260
7261
7262
465
3876
9291
9105
8966
2271
6490
7270
7656
4782
1828
5237
5485
3114
7277
7278
7279
6448
7281
4347
1798
8358
7285
7286
7287
1066
7289
1524
7291
2006
3872
7294
3741
7296
380
7298
7299
7300
4253
7302
7303
8841
7305
748
8082
4669
7309
7310
7311
2058
8054
9085
6678
7316
7317
4762
6772
7320
4550
2948
1028
7324
5090
7326
7795
7328
7329
5376
7331
582
2415
3373
9924
7336
7337
902
8989
7340
7341
4416
9685
7344
120
7346
4804
7348
7349
2476
7351
7352
4065
7354
7355
5087
7357
6453
4100
8846
6263
193
7363
4665
7365
4697
7367
4549
7369
7898
8363
7372
7373
7374
7375
7376
7377
7378
1548
2389
7381
7382
8338
8332
7385
8883
7387
7388
7389
7390
7391
7392
6821
9644
8234
5161
5099
9813
6370
4759
3760
8145
7403
5069
6195
7406
7407
9688
5322
7410
2467
7412
1545
7414
364
7416
9784
3729
1905
253
2680
171
8022
6931
7425
4059
5592
4773
8481
4981
7431
7432
7433
7434
7435
7436
7437
7438
7439
7440
1089
5106
6307
7444
3926
4817
7447
9801
7606
5483
7451
6384
7453
7454
8097
9195
6026
7458
7459
4007
2564
7462
4950
7863
7593
2852
2553
4447
7469
7470
7471
7472
7473
1373
7475
7476
2599
7478
7479
1735
5020
3040
7483
7484
7485
7486
7487
1262
6916
1229
3127
7492
7493
5211
7685
7496
8869
649
3184
7500
259
612
7503
7504
7505
8749
7507
7508
7509
7510
7511
7512
5886
1912
1153
6695
2269
3474
7519
7520
3611
4536
7523
8703
79
9720
7527
7528
7529
5247
7531
7288
7533
5217
7535
7536
552
7538
3186
4540
7541
7542
7543
1616
7545
6078
7547
9397
1992
7550
8517
7552
9548
2245
2771
7556
4188
7558
1661
7052
5666
7562
7563
5817
7565
4946
7567
2791
8414
9272
7571
7572
7573
3981
7575
5792
8251
7578
4335
7580
7581
1297
7583
7584
7585
3817
8543
5277
3417
1233
5972
3110
2218
7594
8920
9188
7597
7598
2879
7600
7601
2002
933
8475
7605
1065
7607
5724
3948
4846
3558
7612
6100
7614
7615
6200
1678
7618
7619
6081
7621
7622
7116
7624
7120
7626
7627
7628
874
640
7631
9882
7633
7634
1334
7819
9396
2856
6055
7640
9131
7197
8546
2508
7645
7646
5330
7648
6094
7650
6493
4019
7653
6040
2809
7428
6325
7658
7659
2647
7661
7662
7663
7664
7665
7666
793
6071
2078
6481
6841
7672
3386
5394
2015
4392
7677
7678
7679
7680
7681
7682
7683
7684
8121
7686
5380
4666
5996
7227
7691
8122
599
7694
7695
2366
2033
8585
7699
8882
7701
7896
7703
7704
363
6161
7707
8075
7709
9759
7253
2652
7713
7690
1399
8740
7112
7718
6551
4917
7721
7722
2752
2836
3204
7726
7727
6909
7333
6530
5070
7732
8113
7734
7735
5364
7737
5647
2884
7740
1699
9923
7743
7744
869
7746
7747
7748
7749
7932
7751
5979
7753
7754
4998
7756
9671
4123
1182
376
1941
326
4479
6979
7765
7766
2388
7768
7769
70
1926
7772
6703
7774
7775
7776
2331
7778
9818
9158
2062
972
7783
7784
7785
5203
8839
232
7789
8360
5128
5763
3012
9781
5834
4450
7921
7798
3478
9204
6665
7802
7803
7804
7805
7806
7807
3418
7809
7810
5905
7812
7813
5404
4879
7816
4674
7818
7636
221
2659
9134
7823
7824
7825
186
7827
7828
7266
4881
7831
6351
7833
7834
7835
6930
7837
8179
7839
7840
7841
3263
7843
6016
708
7846
3749
7848
7849
4045
4820
7852
7853
7854
7855
7972
7857
7858
7859
1428
7861
4871
1286
2960
3506
7867
1320
5473
7869
6056
7871
7872
7873
573
7875
7876
7877
7878
3738
7880
8926
7882
7883
7884
7885
9729
9616
7888
7889
2935
7891
9149
7893
6492
7895
7702
7897
6009
9370
7900
7901
3198
7903
6508
3000
1279
7907
8943
810
7910
8045
5403
1263
7914
2421
2227
7917
6371
2850
7920
4542
805
6366
4313
7925
7926
3041
7928
7441
9479
7931
4320
7933
4854
7935
7936
9416
7938
1794
5305
7941
9535
3355
7944
9197
7946
7947
7948
7949
7950
7951
7952
4305
4267
8330
7956
1466
4155
7959
3483
6168
7962
7963
7964
1528
2444
8901
2395
6451
7970
7971
3028
7166
7974
5510
7976
3578
7978
7979
4010
7981
7982
8115
7984
9140
1608
4341
893
7989
7990
7991
1551
8195
990
8551
8657
9261
9848
7999
8000
9819
9997
8003
8004
7611
8081
9962
9725
7668
8010
8011
8012
351
795
8940
5825
8017
4431
8019
3236
1026
76
7826
6258
8025
2471
8027
8028
8029
8030
6043
2110
4837
1293
8035
8036
66
560
8074
9758
8041
5476
8043
8044
9790
475
8047
3634
6866
1498
9618
8735
8053
1305
4412
8056
8057
8058
278
7343
8061
4672
6339
8064
8065
8066
3280
8068
3673
8070
8071
6248
9278
9009
6685
8076
2544
4739
8079
4680
2568
2646
3983
4494
8085
8086
3975
8088
4455
8090
9115
8661
8677
5836
6285
8096
7455
8098
6233
8100
9820
3349
8103
4765
8105
8106
8107
8108
8109
8110
3009
8430
734
9531
46
5269
6816
8118
4717
7728
6601
3946
8123
1491
8125
395
5518
8128
8129
5621
5915
8132
5705
8134
4145
8136
7697
8138
8811
9646
8141
2881
8143
1318
1356
8146
3717
3518
3321
8150
8527
8152
8153
8154
9968
8156
8157
8158
2052
8160
8161
8162
8163
8164
8165
8166
8167
8168
8169
8170
8171
8172
597
7750
6049
4237
2971
8178
6045
3940
8181
6863
2347
7637
1854
4553
3883
2898
8189
8190
6824
2804
8193
8194
7993
3457
3525
3294
8199
672
8201
8202
8203
8204
8205
8206
8207
9983
6092
8210
8211
8212
8213
8214
8142
6054
5101
2105
8219
3143
8221
6953
4821
8224
8225
8226
8227
8228
8229
8230
1268
2219
8233
7395
8235
8236
8237
6711
8239
4171
2164
1376
8243
8244
8245
4119
8247
8248
8249
8250
7577
8252
5013
8254
8255
310
8257
5776
8259
8260
2623
8262
7263
8683
4986
8266
8267
2546
586
8270
75
8272
6198
8274
8275
8276
8277
8278
1460
8280
7842
9686
8283
7168
8285
5125
8287
8288
8289
2287
8291
9854
8293
6792
5819
4142
8297
8298
2136
6814
8301
8302
1375
8304
4438
2943
5887
8308
9877
8310
8311
9755
9653
8314
8315
7845
8317
8318
1119
3432
8321
2279
8323
6105
8325
6357
8327
9873
8329
7955
8331
3990
8333
8334
9451
8336
6388
421
8339
8549
9914
8342
7318
8619
8345
8346
7604
4834
5196
8350
3655
8352
8353
6796
1575
5178
243
7284
7029
7790
8361
8362
1129
8364
8365
9258
8367
6173
190
8370
3183
8372
8373
4645
5596
82
147
3383
8256
2681
2445
8382
1874
8384
8385
8386
8387
8388
8389
8390
8391
3100
169
8394
5631
6546
8397
8398
7767
1705
8401
7638
8403
8404
8747
8406
8407
8408
8409
8410
8411
8715
2135
7569
8415
8416
2315
8418
8419
1122
5266
8422
4025
4429
8425
1823
2955
8428
8429
522
8906
8432
8433
1746
5991
4578
3988
8438
789
8440
8441
8442
8443
8444
7524
4875
8447
4964
8449
2648
9696
8452
8453
545
6568
6946
3913
3107
5731
8120
8014
685
8730
5711
8465
3099
9441
5023
8469
5267
8471
8472
6396
5698
2146
8476
7780
8478
4885
5
7429
8482
8483
8484
3597
8486
8487
8488
8489
8490
2704
8557
8493
3153
5444
8496
3151
2398
619
8500
8501
8502
8503
629
2582
4137
6687
7566
8509
4690
8511
8512
1689
2516
3891
7054
7551
8518
8519
8520
8521
8196
8523
8524
8525
3823
3962
2020
8529
8530
7119
8532
8533
1776
8535
8536
8537
5883
6119
8540
8541
8713
7587
8544
8545
838
8547
2593
8340
8550
907
8552
8553
7213
8555
8556
9392
5017
8559
2766
6956
8562
8506
7240
8565
6440
1694
8568
8569
8570
2332
8572
6903
817
801
458
5637
1812
368
8580
296
8582
4462
8584
4648
8586
8587
8588
6240
3477
6336
8592
8593
3242
8595
1819
8597
8598
8599
1754
8601
8602
6669
8604
8605
8606
8607
8608
4962
8610
45
4863
8613
8614
2061
8616
8617
8618
8344
9669
3066
9037
8623
4750
2510
8626
8627
3288
8629
8630
8631
8632
9248
8634
8635
8636
3471
1341
6083
8640
8641
3932
8643
3156
8645
9373
8647
8648
8649
1264
7221
8621
7063
8654
8655
5523
7996
6228
8659
9295
2543
8662
8663
8664
7321
8776
8667
8668
2000
8670
8671
2155
2928
8674
565
6609
2733
670
4138
8680
3603
8682
3783
535
8685
8686
8687
9989
1164
1817
8691
8692
1092
8694
8695
8696
8697
8698
8699
8700
4803
8702
6823
8704
8705
9264
8707
8101
8709
8710
4052
8862
8542
8714
7474
8716
3927
4082
3998
8720
8717
3080
8723
9393
5215
7136
7400
7056
7394
4050
8731
8732
8733
8734
8040
8736
7537
8738
1550
1453
8741
6876
6825
8744
8745
8746
6981
2905
7506
7006
8751
8752
8753
8754
8755
4597
3004
4829
3492
8760
8119
246
2658
8764
8765
9558
8767
8768
9874
9855
2851
8772
8773
9800
8775
3700
7700
2763
3954
8780
8781
8782
2932
2343
3816
6484
8787
8788
8789
5180
8791
7201
8793
9886
8795
8796
8797
4044
8758
4287
1335
8802
3922
8804
8805
4992
5151
2617
8809
8810
5670
2814
2117
2939
9603
8816
5740
1312
8819
6048
8821
8822
6036
8824
8825
8300
8827
8828
3878
2562
8831
9482
6391
2173
5923
8836
8837
9260
6411
2610
7304
470
1767
9887
7358
7360
8847
8848
8849
1106
8851
1747
441
8854
8083
6077
8857
2019
8818
9350
6386
9919
3192
8864
978
8866
8240
931
7497
8870
8871
8872
7274
3102
8875
498
8877
8878
8879
6374
8881
7525
4446
8884
8885
4994
8887
1876
2167
4673
8891
9288
8893
5755
5352
9444
8897
3442
8899
8900
6996
8902
6387
6057
4906
6587
9343
4132
4612
8910
4818
8912
8913
5734
8915
5984
8917
242
3964
7595
8921
8922
6542
2224
5156
8817
8927
2668
4150
9079
8931
8932
8933
1962
3381
8936
2387
8938
8939
8015
8941
8942
1024
9990
7169
8946
4211
8948
8949
8950
2545
8952
8953
8954
1346
9117
8957
8958
9337
3067
7977
6771
7269
8964
8965
7267
1984
8968
8969
3696
4120
8972
8973
1118
8975
128
8977
7307
6420
3193
8981
4093
5030
8117
3664
8986
8987
1600
9656
7696
5930
8992
8993
8994
1191
8996
8997
5452
7099
3666
3618
4415
3082
9004
1244
1859
3308
2776
2770
9010
1540
9012
9013
7427
9015
7009
9017
5641
2270
9020
5363
9022
4814
7046
9025
9026
6436
9028
9282
9030
9031
142
9033
9034
9035
9740
6881
5121
397
8609
529
9073
3453
3393
9045
7786
9047
2782
9049
2707
9051
9636
9053
9054
2407
9200
9057
9058
9059
9060
9061
9062
9063
9064
2251
8750
6305
4383
398
9070
6122
9072
784
297
2803
8561
9077
5276
8930
9080
9081
2691
7954
2667
7314
3043
4763
8263
9089
9090
6364
3190
9093
605
9095
3774
9097
1546
9099
9100
9101
5649
9103
9104
7829
9106
6480
9108
9109
9110
9111
9112
9113
8725
6932
9116
6884
37
9119
9120
9121
3836
9123
1617
9125
9876
1357
9321
9129
9130
5712
6244
711
230
9135
7673
2298
3789
4698
7544
9141
9142
9143
9144
9207
4899
9147
9148
347
9150
709
9152
9153
7193
818
9156
9157
8477
9159
77
1418
9577
9163
602
9165
9166
9167
9168
9169
9721
9171
9172
9173
1787
6760
9176
9177
9178
9179
6217
8051
9182
9183
4067
5625
4147
5027
7596
9189
9190
4563
1744
1447
5118
9754
2159
7945
9198
9199
9056
9201
9202
9901
7800
1976
9206
9145
1863
9209
703
444
551
9213
690
9215
7742
9217
2044
5823
9220
2896
9222
9410
6746
3343
9226
8984
9228
5835
9230
5050
2113
6153
9319
9235
9978
9237
9238
9239
9240
9241
9242
9243
9244
9245
9246
1647
9315
5729
953
9251
2983
5837
5427
3211
9256
1369
8366
9259
1830
7997
2554
9263
8706
8508
578
9267
9268
9269
3093
4488
8792
7292
6062
6892
9276
9277
8073
9893
6389
9281
9029
1901
9284
9285
9286
9287
8892
9289
9290
7456
8591
3038
1646
8660
9296
9297
5498
5903
9300
9301
9302
4939
9304
7916
7236
9307
9308
4134
9310
5709
4323
9313
9314
42
9316
3291
9318
9234
5963
1467
9322
2089
4991
9325
9326
9327
3600
2403
9330
9331
8748
9333
9334
1323
9336
5339
6133
3519
4476
1022
1246
8907
9344
9345
4554
8708
993
7155
9306
8531
219
9353
2826
8349
1923
9357
9358
1512
9360
9361
6580
9908
313
9365
4209
9853
5089
3303
8888
9371
9372
8905
9374
2335
9376
9377
9378
4627
9380
5538
2915
5579
9462
2848
9386
9387
9388
9389
1371
9391
2488
7797
9394
9395
6765
4157
9398
4482
9400
6878
9402
9403
258
4884
9406
9407
9408
9409
9223
9411
6557
9413
1797
9415
5807
5298
2651
6034
7773
820
3203
292
9424
2805
3101
9427
7203
966
9430
9431
9474
388
5507
9435
2910
9437
9438
5655
9440
8467
1623
2021
5888
9445
9446
2166
9448
9449
9450
8335
9452
9453
9454
9455
6666
9457
9458
3938
7814
9461
5772
9463
4304
9292
8445
1626
9468
9469
9470
3982
7973
9473
9748
491
9476
3767
6807
7930
9480
2825
8832
9483
9484
502
9486
9487
9488
9489
9414
9491
6294
6761
9494
9495
9496
9497
9830
9499
8978
2272
9502
9503
2977
9505
9506
9507
1982
4206
9510
9568
9512
9513
9514
2947
2643
9517
7219
3264
8348
1123
1252
5065
9524
3338
9526
2735
9528
6620
9530
4182
1857
9533
9534
2153
9536
9537
1310
9539
9540
636
9542
9543
9544
9545
9546
5697
7553
4140
9875
9551
9552
3614
9554
4152
9556
447
1764
9559
9560
9561
9562
9563
9564
9565
9566
9961
6142
4427
9549
9571
9572
9573
9574
9575
4900
9162
3342
9579
9580
9581
9582
1877
52
9249
280
9587
751
9589
9590
2757
9592
9593
4584
8579
9596
9597
9598
2742
9600
7719
4912
6292
1925
5522
9606
2341
6698
1674
2340
9588
9612
9613
2141
9615
2525
9617
4241
9619
6368
3532
1150
9623
5058
9625
1220
9627
9628
9629
9630
9631
3433
9633
4349
9635
9052
9637
9638
9639
6432
4634
9642
794
8180
9645
5252
9647
9518
5573
211
6806
9652
1179
4004
5542
8127
9657
9658
8815
9660
9661
1168
6311
9664
9665
9666
9667
9668
8620
9670
8008
9672
9673
8858
9675
9676
6837
92
9679
9680
8376
9682
3576
5057
5828
5931
3557
884
9689
9690
9691
9692
8794
8813
2796
8451
9697
63
9699
9700
3334
5138
467
9704
8435
9706
9707
9708
3130
2045
9711
647
9713
626
6995
9716
7088
9718
5557
9952
9170
9722
9723
6107
5114
9726
5616
9728
332
9730
1390
4111
6710
4710
9735
665
9737
9738
9739
9036
6398
1387
3750
9744
9745
669
9747
9432
9749
9750
7549
9752
6185
7265
7183
3006
1774
7290
236
9760
4694
557
6300
9764
4948
2255
1914
5609
620
6141
9771
3612
9773
4316
9775
9776
9777
9778
9779
9780
1698
3550
9783
3119
9785
637
9787
9788
9789
7258
9791
9126
3520
9794
2450
3235
9797
3493
2051
1789
3243
2261
9803
4238
9805
9806
1281
9808
9809
9810
9811
9812
7398
1894
5756
3980
6712
298
8001
588
9821
9822
8865
9824
7838
9826
7042
2312
9829
9498
9831
9346
9214
5453
9835
8675
9837
4864
9839
9840
3278
9842
604
9844
9174
1188
9847
4234
9849
787
9851
9852
5460
8292
6621
1596
9857
9858
9859
9860
320
9862
9863
9864
9865
8806
3090
487
9869
9870
3552
9872
8328
1291
4572
4771
8309
1957
5139
6265
3375
6788
9883
5314
5063
3630
1101
7669
9889
546
9891
9892
1441
6589
9895
9896
6231
5166
2930
8719
9203
9902
9903
6573
9905
4602
9907
543
9909
4372
9911
9912
9913
8341
9915
9916
723
9918
8712
9920
7518
9922
3708
5521
9925
9926
8999
6625
9929
9930
7811
3258
2615
9934
9935
9936
131
9938
7018
4988
9941
9942
1240
9944
11
9946
9947
9948
3649
9950
9951
1968
9953
3953
9955
2913
2694
9871
1931
3359
3226
9717
9753
9509
1990
9966
4922
4848
7142
9970
1000
5430
9973
1784
9975
9976
9977
9236
9979
1728
9981
1595
928
8024
9985
9986
3104
9988
183
8944
520
9992
2861
2813
9995
9996
8002
9998
9999
10000
